 1IT        1 5 0 5 5 5 4 3 4 522111255 3 3 3444111 4 4 5
 1IT  3019700 5 3 3 4 3 2 4 5 222222222 2 2 2222111 5 5 5
 1IT  3020300 5 0 0 1 1 1 4 6 522232300 0 0 0333111 0 0 0
 1IT  3020400 5 5 6 4 6 9 3 3 522223344 4 6 8233221 4 6 8
 1IT  3024500 0 2 5 0 5 8 3 5 822223554 7 6 5422111 5 5 5
 1IT  3024800 5 6 7 4 910 4 5 622223235 51010324111 5 9 9
 1IT  3025200 2 3 7 6 8 9 8 8 922333222 8 8 9334112 8 8 9
 1IT  3025300 5 2 4 4 3 3 5 1 222322324 5 5 3121111 2 2 2
 1IT  3025800 7 7 6 8 8 9 8 8 922344443 9 9 9445222 8 9 9
 1IT  3025900 9 8 7 8 910 8 8 722223544 9 910443212 8 910
 1IT  3026100 6 6 5 2 0 7 3 2 022212334 1 0 7000111 0 0 7
 1IT  3026200 5 5 7 3 6 5 0 5 722222322 8 7 6112221 6 6 7
 1IT  3026300 3 3 7 4 5 5 6 7 622333533 5 7 7333112 8 7 7
 1IT  3026500 5 7 7 688 6 6 4 622322233 688 5322121 6 6 7
 1IT  3029300 1 2 0 5 0 6 5 3 522222353 4 3 7212111 3 3 6
 1IT  3029400 3 3 3 6 4 7 5 7 622333244 6 5 8344111 6 5 8
 1IT  302950010 6 5 4 510 3 5 522223522 4 410324222 4 410
 1IT  3029600 5 5 5 5 4 7 7 8 822343333 8 3 6353111 5 3 4
 1IT  3031000 7 8 8 6 0 8 7 7 522332500 6 0 8443222 7 0 8
 1IT  3031100 3 1 0 0 0 8 488 6222232208888 8223121 588 8
 1IT  3034100 6 6 7 5 5 6 6 6 622332454 5 4 54341218888 8
 1IT  3034200 6 4 5 6 7 8 3 6 622222444 5 6 6222121 7 7 8
 1IT  3034300 5 6 6 7 5 7 6 71022233454 7 6 6454222888888
 1IT  3034400 5 4 5 7 7 8 4 4 522222323 7 5 6334112888888
 1IT  3034500 3 3 3 8 8 9 6 7 722333223 8 8 8454111 9 8 8
 1IT  3034600 5 7 3 8 910 7 5 822233242 8 0 8233221 8 9 8
 1IT  3034700 2 5 3 6 5 7 4 3 422221313 7 6 6221122 8 6 7
 1IT  3034800 7 6 5 9 810 4 5 522222211 8 8 9223111 8 8 9
 1IT  3034900 5 7 5 2 2 5 6 3 422333333 4 4 6333221 8 8 8
 1IT  3035000 5 6 5 8 7 9 6 6 722333444 8 8 8434221 8 8 8
 1IT  3035100 7 7 7 9 6 7 9 9 722444444 9 8 9454222 8 8 9
 1IT  3035200 6 3 5 6 6 8 3 4 322222424 8 8 8222221 8 8 9
 1IT  3036600 0 0 0 4 4 7 5 4 622223000 4 5 554511188 4 5
 1IT  3036700 5 6 6 7 6 8 7 7 622333544 7 7 95542228888 8
 1IT  3036900 5 6 4 8 6 7 4 5 522222434 7 7 845522188 8 7
 1IT  3037100 4 3 5 5 6 7 6 6 722333323 7 8 8455111 8 6 7
 1IT  3037200 5 6 5 8 7 9 7 7 722333544 7 7 8544222 8 8 9
 1IT  3039000 5 7 3 4 9 8 6 4 422422433 4 8 832211188 7 7
 1IT  3039100 1 3 2 4 3 5 3 3 322222322 3 3 5222111 3 3 5
 1IT  3039200 7 7 5 6 5 8 5 6 622333333 7 7 7333222 7 7 7
 1IT  3039300 7 8 5 6 7 6 3 3 422222413 7 7 7222228 5 7 6
 1IT  3039400 7 6 6 6 6 6 4 4 322222433 6 6 7322288 6 6 6
 1IT  3039500 5 4 5 2 7 7 3 3 322222333 5 7 7222111 4 7 7
 1IT  3039600 7 7 5 5 4 8 5 6 622422444 5 2 7322821 5 2 8
 1IT  3041400 5 5 5 5 2 2 4 5 222422333 6 2 3323111 6 2 3
 1IT  3043800 2 6 8 3 4 7 3 4 322223124 5 3 6223111 5 5 6
 1IT  3043900 7 7 3 8 610 7 6 822323441 7 510434221 7 610
 1IT  3044000 3 5 5 4 5 6 3 4 422222324 4 4 5222111 5 5 5
 1IT  3044100 5 7 5 6 7 8 4 2 522222333 7 8 7233881 7 7 8
 1IT  3044200 7 7 5 7 8 8 6 6 722333434 7 9 8334211 6 8 8
 1IT  3044300 7 6 4 3 4 7 3 3 522122553 5 4 4334181 6 5 6
 1IT  3044400 5 6 2 4 5 6 1 3 822223332 4 5 7224111 5 5 7
 1IT  3044500 5 8 6 7 7 9 5 4 622222233 7 6 9123111 6 6 9
 1IT  3044600 6 8 7 5 8 7 4 2 522323422 7 8 8324111 6 8 7
 1IT  3044700 5 5 5 5 2 5 4 4882222823388 6 6233211 6 6 6
 1IT  3044800 1 2 1 7 3 6 4 6 822234111 8 2 5334111 8 3 5
 1IT  3045900 5 6 4 7 5 7 6 6 822223333 7 7 7333111 7 7 7
 1IT  3046000 5 7 5 4 5 5 5 4 522222333 4 5 5323122 5 5 5
 1IT  3046100 5 5 5 5 4 4 5 6 622233223 5 4 4333111 6 4 4
 1IT  3046200 4 7 1 3 6 6 3 2 422333333 5 8 8233121 5 7 8
 1IT  3046300 5 5 5 8 7 9 7 8 922334332 9 710445121 9 7 9
 1IT  3046400 5 4 4 4 5 7 1 4 422112222 5 5 7222111 5 5 7
 1IT  3046500 6 5 2 7 7 6 4 7 722233212 6 7 6233111 7 7 6
 1IT  3046600 9 4 4 1 2 6 3 3 822334432 3 3 8224211 3 3 7
 1IT  3046700 7 4 6 5 2 8 5 5 822243332 6 5 8334211 7 5 8
 1IT  3048800 4 4 2 2 3 2 4 4 522222123 4 5 4222111 5 4 4
 1IT  3053300 5 4 288 4 4 3 3 422888555 5 5 538811188 5 5
 1IT  3053400 4 7 5 1 1 1 2 3 222222483 1 1 111122188 1 1
 1IT  3053900 5 7 5 0 5 6 4 0 022111323 1 1 4211228 0 0 3
 1IT  3054000 4 6 4 1 2 2 1 2 222222288 2 2 2211181 2 2 2
 1IT  3054200 888 4 7 9 7 3 1 122112442 8101000211110 810
 1IT  3055300 1 1 1 1 1 1 1 18822118113 1 1 1118111 2 2 2
 1IT  3055700 7 7 6 7 6 5 2 2 422222443 6 7 6222222 6 6 6
 1IT  3055800 8 5 8 2 110 5 1 022212433 4 110211221 2 110
 1IT  3058100 6 5 6 6 8 6 3 2 222222422 6 8 5212221 5 8 5
 1IT  3058200 7 7 2 6 6 6 3 3 522222111 4 3 7213111 5 5 7
 1IT  3058300 0 0 0 0 0 7 0 1 122222111 1 2 4111111 1 1 5
 1IT  3059000 5 4 5 5 3 7 6 6 722333333 5 6 7333111 5 6 7
 1IT  3059400 8 3 5 2 5 5 3 1 222222313 2 5 5111811 1 5 5
 1IT  3059700 0 0 0 7 510 5 5 522222000 5 510222111 4 610
 1IT  3059800 7 7 5 7 8 8 4 4 422322544 6 7 8444228 5 7 8
 1IT  3059900 2 288 3 3 1 1 2 222222004 2 2 5022111 2 2 4
 1IT  306080010 9 8 3 588 4 2 822383555 7 788325222 7 788
 1IT  3063100 3 3 1 3 5 5 2 2 52222211188 5 621111188 5 6
 1IT  3063300 1 1 1 6 6 6 6 7 622222343 4 5 5343111888888
 1IT  3064200 3 2 2 2 3 5 5 4 622223112 3 4 4223111 3 4 5
 1IT  3064300 6 4 6 4 7 6 5 5 722323222 4 6 6224111 4 6 6
 1IT  3068900 6 3 2 6 8 3 4 4 322333333 8 8 833311188 8 8
 1IT  3069400 5 4 3 3 4 3 3 7 322232333 3 3 3131111 5 3 3
 1IT  3070000 2 5 5 5 510 8 5 722222232 5 510233111 5 5 5
 1IT  3070200 5 5 5 5 5 9 2 1 522333111 5 510533122888810
 1IT  3070300 3 5 4 2 5 4 3 1 422111332 5 5 5333188 3 310
 1IT  3070400 8 7 4 5 5 7 4 4 322222551 5 5 8211221 5 5 8
 1IT  3071300 5 5 5 41010 4 0 322113555 1 510333281 01010
 1IT  3071800 9 8 8 7 7 5 5 6 522231444 7 6 5342222 7 6 5
 1IT  3072800 5 2 5 2 5 5 0 3 122112332 1 5 5012221 5 6 7
 1IT  3073100 7 9 9 7 710 5 71022233554 7 6 9145111 8 710
 1IT  3073200 5 5 4 6 8 9 1 2 822224332 7 8 9115121 7 9 9
 1IT  3077400 5 5 7 01010 5 31022323310 61010325122 01010
 1IT  3077500 7 9 6 5 5 6 6 6 622332441 4 4 5333111 5 5 5
 1IT  3077600 3 3 388 5 5 4 4 422322223 5 4 53221118888 5
 1IT  3078100 6 4 1 2 8 8 7 0 622213330 2 8 8323211 0 9 9
 1IT  3078200 5 8 6 3 8 7 2 3 222413424 2 8 8212221 2 8 8
 1IT  3078300 2 8 5 6 6 888 5 522388444 688 68841228888 7
 1IT  3078400 6 6 4 6 5 7 6 5 422322554 4 6 8522112 5 6 8
 1IT  3078500 8 8 2 1 8 8 4 0 622213442 4 8 8313221 2 8 8
 1IT  3078600 7 3 3 6 7 6 6 6 622833323 6 6 6333221 6 6 6
 1IT  3078700 8 5 5 0 1 3 3 2 222332444 2 2 2222121 2 2 2
 1IT  3082100 5 6 7 4 610 688 622383433 5 4 888322188 6 9
 1IT  3082500 6 2 2 5 5 788 6 722333443 5 5 5222211 5 5 5
 1IT  3082900 0 3 0 2 2 5 5 5 322388100 0 3 5011111 5 5 5
 1IT  3083000 7 0 6 6 2 8 5 2 722213221 5 5 7222221 5 4 6
 1IT  3083900 4 4 3 5 2 7 5 3 422233332 5 5 7223111 5 5 7
 1IT  3084400 2 5 4 4 7 7 3 3 522212223 5 5 7124111 4 5 7
 1IT  3084500 5 8 3 4 3 9 4 7 522333342 5 3 8343121 5 3 7
 1IT  3086900 4 5 4 4 6 6 3 2 522223222 6 7 6213121 6 6 6
 1IT  3092800 6 5 2 6 8 7 3 1 322322214 5 6 7343221 5 6 7
 1IT  3093600 310 0 6 3 9 3 7 822424333 3 3 7333121 6 3 7
 1IT  3093700 9 3 3 5 7 7 6 3 622333555 8 6 8314222 8 8 8
 1IT  3093800 8 4 4 41010 3 2 222333333 3 3 33332228888 7
 1IT  3096100 6 4 4 510 8 5 3 722213422 510 7324221 910 9
 1IT  3096200 5 9 7 8 5 5 2 0 322212522 5 5 5205222 5 5 5
 1IT  3096300 0 0 5 0 8 8 0 0 422111343 0 8 8000111 0 8 8
 1IT  3096400 5 5 5 5 4 5 4 2 322111322 5 4 5100212 2 2 2
 1IT  3096500 5 7 7 5 8 6 4 0 422112353 3 2 4010211 3 3 5
 1IT  3096600 5 5 8 6 7 9 4 5 822222231 6 8 9224111 4 8 9
 1IT  3096700 2 7 7 6 6 7 488 522223143 6 6 7323111 5 5 7
 1IT  3096900 2 2 2 81010 5 9 922243140 8 8 8444111 8 8 9
 1IT  3097200 3 3 3 7 7 7 5 5 522222155 5 5 5543111888888
 1IT  3097400 2 9 1 0 0 0 0 0 122111055 1 1 1000111 0 0 0
 1IT  3101300 4 5 4 2 1 2 3 4 322333343 2 2 3242111 4 5 3
 1IT  3102200 5 5 4 7 6 7 3 5 522323234 4 2 3432111 4 5 4
 1IT  3102300 3 3 4 5 7 6 6 4 522423424 3 3 4423111 3 6 4
 1IT  3102400 4 5 3 4 3 4 5 6 422333322 5 5 3342111 3 4 3
 1IT  3102500 3 4 3 5 5 5 7 4 622333222 5 5 5323111 5 5 5
 1IT  3103500 5 5 588 5 8 5 6882233333388 7 833328888 8 8
 1IT  3104200 3 8 5 7 3 6 2 3 322333121 4 3 5232111 4 5 4
 1IT  3104300 5 3 4 2 3 3 2 3 222322153 3 4 3333111 4 5 4
 1IT  3104400 2 4 5 4 5 4 5 6 422333355 2 4 3333111 4 3 5
 1IT  3104500 3 3 4 5 5 4 4 5 422333333 4 4 3534111 4 5 3
 1IT  3104600 2 2 2 4 5 6 4 0 022434323 2 2 2323211 1 4 5
 1IT  3104700 3 4 2 5 7 8 6 7 822333114 4 3 5244111 5 5 6
 1IT  3104900 3 4 5 6 7 6 4 6 522333115 6 4 5333111 6 7 5
 1IT  3105000 3 2 2 5 5 5 4 5 322333333 4 3 5332111 4 5 3
 1IT  3105100 2 3 3 5 5 6 4 6 622333121 5 6 6443111 6 7 7
 1IT  3105200 7 6 7 7 6 68888 522433441 6 6 7444222 7 6 7
 1IT  3105300 2 3 2 5 6 5 5 7 622888888 6 5 6434111 5 6 5
 1IT  3105400 7 7 6 9 9 9 3 2 222222442 710 8112222 8 9 9
 1IT  3105500 3 4 3 4 5 588888822433333 5 6 3334121 2 8 6
 1IT  3105600 6 4 5 8 7 7 6 5 522333333 8 7 8343222 8 7 8
 1IT  3105700 5 4 5 6 7 6 7 8 822333333 8 9 9333111 8 7 8
 1IT  3105800 2 2 2 7 6 8 7 6 722444444 8 6 7333222 8 7 7
 1IT  3106000 4 4 5 3 4 3 2 4 522333333 6 6 732311110 7 7
 1IT  3109500 3 3 2 4 8 7 3 2 422222444 7 7 7111188 7 7 7
 1IT  3110900 5 3 3 1 5 5 2 3 322223223 5 6 6222111 3 6 6
 1IT  3111000 0 0 5 5 0 9 910 922344012 9 010444111 9 0 9
 1IT  3111100 7 7 5 5 6 7 3 2 422223333 5 6 7113222 6 6 7
 1IT  3111200 6 4 8 4 5 7 2 6 422222343 5 6 6223222 0 5 5
 1IT  3111400 9 9 5 5 5 5 4 1 422112332 4 4 4313222 4 4 4
 1IT  3111500 8 8 5 6 8 8 5 4 522223555 5 5 8333222 6 5 8
 1IT  3111800 4 5 5 6 3 6 4 6 722134222 6 3 7233111 6 3 7
 1IT  3112100 6 5 5 5 8 7 3 4 622128333 8 8 8111282 7 8 8
 1IT  3112400 8 5 3 6 8 7 3 2 622223522 7 9 8234221 7 8 8
 1IT  3112500 510 5 4 7 7 2 3 822323144 5 8 8424122 5 7 7
 1IT  3115700 0 5 188 4 58888 22223333388 4882331118888 6
 1IT  3115900 6 6 688 7 788 4882222833588 7 710882188 7 7
 1IT  3116500 6 5 2 4 4 7 5 6 72233348388 6 728328188 7 7
 1IT  3116900 7 7 7 4 8 7 5 58822323483 7 8 8433222 7 8 8
 1IT  3117200 5 7 7 6 6 6 4 6 42233233388 6 7133111 788 7
 1IT  3117400 1 4 4 6 4 7 5 5 22282833388 6 78881118888 7
 1IT  3117800 5 3 0 2 8 5 5 2 722228333 4 7 7833111 7 7 7
 1IT  3117900 6 6 3 810 6 4 0 722113333 8 8 8833221 8 8 8
 1IT  3118000 8 8 0 7 7 9 6 6 622223583 7 8 8333221 8 8 8
 1IT  3118200 6 6 688 5 8 5 4 3222223338888 833311188 8 9
 1IT  3118400 588 5 5 5 8 7 2 222338333 7 7 833388888 7 8
 1IT  3118600 8 8 4 68888 3 3882222833388 78833322188 7 6
 1IT  3118800 8 4 488 8 8 5 588222284338888 733322288 7 7
 1IT  3118900 5 5 4 6 7 7 5 5 522228382 6 6 6333181 6 6 6
 1IT  3119600 7 5 4 7 2 6 7 9 722443334 7 7 7555228 8 8 7
 1IT  3119900 7 7 7 5 4 6 4 6 722383433 8 8 8433222 8 8 8
 1IT  3120000 6 6 68888 788 388222284228888 78281118888 8
 1IT  3120200 8 3 3 7 9 9 2 0 722223223 8 8 8322222 8 9 9
 1IT  3120300 2 5 4 610 9 3 3 722223222 8 8 8224111 8 9 9
 1IT  3120400 5 5 5 6 5 7 5 58822223333 8 8 8334188 8 9 8
 1IT  3134900 5 4 2 9 8 8 6 7 722333323 8 7 8334112 8 7 8
 1IT  3135000 6 6 0 910 8 8 8 722343453 8 8 7355222 8 710
 1IT  3135100 910 9 7 9 8 7 6 622323434 6 8 7334121 7 7 8
 1IT  3135200 8 9 5101010 9 6 922833333 5 9 8333182 71010
 1IT  3135300 3 6 5 5 6 4 6 6 722333333 6 6 7333122 5 6 7
 1IT  3135400 6 7 7 6 8 9 7 7 822333443 8 7 8444222 7 7 8
 1IT  3135500 4 1 2 7 8 8 910 922344223 7 8 9554111 9 8 9
 1IT  3135600 7 5 7 9 710 6 6 922233343 7 6 7444121 8 7 8
 1IT  3135700 6 6 8 6 810 7 5 822333344 8 8 9444111 81010
 1IT  3135800 0 2 3 5 6 6 8 7 622333243 6 6 8344111 7 7 8
 1IT  3136000 5 6 5 6 6 6 6 6 822333343 6 6 6333111 7 7 7
 1IT  3137100 8 5 6 6 6 6 3 5 622222383 7 7 7555222 7 7 7
 1IT  31374001088 78888 8 4888822212235 3 3 6112111888888
 1IT  3137500101010 71010 9101022443515 8 910555222 9 810
 1IT  3137600 6 6 6 7 8 9 6 7 722333333 7 7 8333111 7 7 8
 1IT  3137700 5 5 6 7 8 8 7 7 822333333 7 8 8333222 7 7 7
 1IT  3139700 7 9 5 6 5 7 4 7 822333443 7 7 8444221 7 7 8
 1IT  3139800 4 5 8 710 9 8 8 822384545 81010544811 8 710
 1IT  3140100 6 6 5 5 1 7 5 6 722222433 6 1 7334222 6 1 7
 1IT  3140200 3 8 8 3 4 4 5 0 522212244 2 2 2322111 4 3 3
 1IT  3140300 7 2 8 81010 8 8 92212133310 9 9545121 9 9 9
 1IT  314040010 9 5 0 5 9 5 0 022212530 0 9 8300221 0 8 8
 1IT  3140500 7 4 3 5 7 7 3 2 522333332 4 6 7334221 4 6 8
 1IT  3141100 4 5 3 5 7 9 5 7 822233222 5 8 3343122 7 8 9
 1IT  3144500 7 8 7 5 4 8 4 2 522313433 5 4 9223221 5 4 8
 1IT  3144600 9 9 6 4 3 5 2 2 522113554 3 3 5112222 3 3 5
 1IT  3144700 8 2 5 0 7 8 2 0 222311411 0 8 9000221 3 7 8
 1IT  3144800 5 8 5 6 8 6 4 3 322222333 4 7 5000222 5 7 4
 1IT  3144900 5 5 5 3 4 5 5 6 622333333 3 3 5444222 3 4 5
 1IT  3145000 5 6 7 4 4 7 1 2 622213334 7 5 8214122 4 4 8
 1IT  3149400 710 4 5 7 6 3 0 022112355 5 8 7522221 5 5 7
 1IT  3149500 7 3 2 0 2 4 3 0 322223332 3 4 6224111 3 5 6
 1IT  3149600 5 4 1 3 5 6 6 5 822223552 5 6 6544111 6 6 7
 1IT  3149700 8 5 5 6 5 8 7 5 722333532 6 5 6535221 6 5 7
 1IT  3149800 8 7 3 7 7 2 2 1 422212441 6 7 2202221 6 7 2
 1IT  3149900 5 6 5 7 4 1 6 6 622333222 6 5 1333222 6 5 1
 1IT  3150000 6 7 4 6 6 6 4 3 622333342 5 5 7323221 5 6 6
 1IT  3150200 6 6 5 5 1 7 4 4 622212441 3 3 7224211 3 3 7
 1IT  3150800 7 4 0 1 9 1 0 0 022112442 1 7 1101211 3 8 1
 1IT  3151400 5 3 5 110 9 2 0 022222323 310 8111211 410 8
 1IT  3151500 5 4 3 3 3 9 4 6 522223322 4 3 9224111 5 3 9
 1IT  3152000 5 6 3 1 0 7 0 1 522223344 1 5 8214111 5 4 8
 1IT  3154100 810 7 3 3 688 8 622243455 3 3 4888888888888
 1IT  3154400 4 5 0 5 1 7 5 5 522323220 6 1 7334111 5 1 7
 1IT  3154500 5 4 4 6 6 6 3 4 422322323 4 7 7212111 5 5 6
 1IT  3154600 2 1 6 0 6 7 3 4 622133334 6 6 8323211 6 6 8
 1IT  3159500 5 6 5 6 6 7 4 4 522223333 5 5 7222222 5 5 7
 1IT  3159800 4 4 4 5 5 7 610 622412332 3 5 7222221 3 4 7
 1IT  3159900 4 5 5 0 0 0 088 222121228 1 1 3181118 3 3 3
 1IT  3160000 8 5 6 6 610 6 6 622232332 4 2 6233222 4 5 3
 1IT  3160100 5 5 6 7 8 9 4 6 822233333 6 7 9223222 6 6 9
 1IT  3160200 8 3 4 6 2 6 4 4 422283223 5 1 5222221 5 2 5
 1IT  3160300 6 5 3 4 0 4 510 522333333 6 1 1232181 8 4 2
 1IT  3160400 2 8 4 0 910 1 1 922221223 3 8 9214111 3 8 9
 1IT  3160500 1 1 1 6 1 4 6 7 522333511 6 2 6331111 5 1 6
 1IT  3160600 1 1 1 4 6 6 4 4 422112111 5 4 6111111 3 4 6
 1IT  3160700 3 3 2 3 510 4 0 422212128 3 510202111 3 510
 1IT  3161800 5 5 7 7 6 7 6 5 622323222 7 7 7223222 7 6 7
 1IT  3162900 0 0 5 4 810 5 7 622333111 6 710333111 6 710
 1IT  3163300 5 8 5 8 5 9 6 8 822333333 7 7 9344121 8 7 9
 1IT  3168500 6 5 2 7 7 8 5 5 422322211 6 7 6223111 6 7 7
 1IT  3168600 8 4 6 3 8 8 6 4 822324444 6 8 8435222 6 7 8
 1IT  3168700 5 2 5 4 7 7 4 4 722324413 6 7 7333221 6 8 8
 1IT  3168800 4 6 5 6 8 8 5 3 522113121 7 8 8113181 7 8 8
 1IT  3168900 8 9 5 7 5 6 8 9 822333443 7 4 7444228 8 4 7
 1IT  3169000 5 5 7 0 6 4 3 2 222112224 4 2 4211111 0 3 4
 1IT  3169100 8 8 5 5 8 7 7 7 522333552 6 7 7444222 6 6 7
 1IT  316920010 5 2 3 5 4 3 2 722223432 4 5 6314211 4 5 6
 1IT  3169600 5 5 4 5 6 7 4 4 422222232 6 7 7223121 6 7 7
 1IT  3170200 5 5 6 5 5 8 4 3 622223323 5 4 8224111 5 5 8
 1IT  3170400 8 7 5 6 510 5 5 622332432 6 410333221 5 510
 1IT  3170500 3 4 5 7 7 8 6 6 622333111 6 8 8433111 5 7 8
 1IT  3174400 6 6 6 5 6 7 7 6 722133223 7 6 6333111 5 5 7
 1IT  3174700 3 5 5 7 7 7 4 4 522333333 5 6 7233111 5 6 7
 1IT  3175200 3 2 2 0 8 2 2 0 022311210 0 9 2200111 0 9 3
 1IT  3175400 7 5 4 7 9 7 3 0 022211332 7 9 7100221 7 9 7
 1IT  3175700 2 2 3 5 4 5 5 5 622333331 6 6 7334111 6 6 7
 1IT  3175800 6 3 1 4 6 7 6 6 622333534 6 7 7333221 6 7 8
 1IT  3176000 5 5 2 5 010 0 3 722222335 5 010453221 2 010
 1IT  3176500 8 8 5 6 8 8 6 4 422322444 5 8 8422221 5 8 8
 1IT  3176600 7 7 6 9 8 6 5 0 822113543 8 8 6004222 8 8 6
 1IT  3178100 6 6 6 5 5 7 6 6 522433334 5 4 6334111 6 5 7
 1IT  3178200 0 0 0 2 4 8 1 2 322222000 2 2 8122111 2 2 8
 1IT  3178500 7 4 7 4 6 7 6 7 722333335 7 6 8333111 6 6 8
 1IT  3178600 0 0 0 6 5 6 7 6 622222333 5 5 5333111 5 6 5
 1IT  3179900 8 3 6 6 6 6 5 5 522211222 3 5 4333222 6 6 6
 1IT  3182900 3 3 3 1 7 7 2 1 122211212 0 7 7100111 0 7 6
 1IT  3183000 6 4 5 5 5 4 6 6 422233333 5 5 6233221 5 5 6
 1IT  3183100 7 4 3 5 510 5 5 522283323 5 510333111 5 510
 1IT  3183200 4 4 5 4 3 7 0 1 322122222 4 4 7033111 5 5 8
 1IT  3183300 6 3 38888 7 4 48822111222888888228211888888
 1IT  3183400 5 5 2 188 4 3 2 222122222 4 4 4222111 1 1 3
 1IT  3187700 4 5 5 7 9 8 5 2 522323333 81010323111 51010
 1IT  3187800 8 5 7 4 6 5 4 2 622113344 7 7 7223221 5 6 6
 1IT  3187900 5 5 5 51010 6 4 522222222 6 610122111 3 810
 1IT  3188000 7 6 8 4 610 0 0 522112500 5 510212121 0 5 5
 1IT  3188200 5 6 2 4 5 7 6 5 422332131 5 4 7332121 5 4 7
 1IT  3188300 2 1 3 3 1 1 2 0 022211121 1 1 1111111 1 1 1
 1IT  3188400 3 6 3 2 7 6 3 3 522223221 5 7 6112111 4 7 6
 1IT  3188500 1 1 1 1 8 1 0 0 022222213 1 6 1111111 1 6 1
 1IT  3188600 3 3 4 2 7 8 2 2 322212222 2 8 8111111 2 9 9
 1IT  3189900 5 5 4 4 7 4 3 0 022111333 1 7 5000111 0 7 5
 1IT  3192600 8 5 2 5 6 7 5 5 722222444 5 8 833422188 8 8
 1IT  3192700 5 7 7 6 7 8 4 6 622323342 7 7 9233111 7 7 9
 1IT  3193000 6 5 2 9 8 8 3 3 322222334 8 8 8222211 8 8 8
 1IT  3193300 3 3 3 4 5 7 4 5 522221113 4 3 8121111 4 4 8
 1IT  3193400 5 3 1 5 4 8 3 3 122122121 3 5 8111111 3 7 8
 1IT  3193500 5 5 7 5 8 7 5 6 522222223 5 8 8232111 5 8 8
 1IT  3193600 1 2 5 5 2 5 6 6 822333112 6 1 2334111 7 2 3
 1IT  3193700 5 5 3 7 4 4 6 7 622333333 6 3 3423111 7 3 5
 1IT  3193800 7 6 4 6 7 8 5 6 522222423 5 6 6222222 5 7 7
 1IT  3193900 8 5 3 6 4 6 4 5 822323424 5 4 6224222 6 4 6
 1IT  3194000 6 8 8 3 3 6 4 3 322222222 4 4 5222111 5 4 5
 1IT  3194100 5 8 5 3 9 9 4 3 822223423 4 8 8225222 3 8 8
 1IT  3194200 5 6 6 3 2 5 3 3 322223323 4 3 6223222 4 3 6
 1IT  3194300 7 7 6 6 6 9 4 6 622222423 5 5 9223222 5 5 8
 1IT  3194400 5 5 4 4 7 5 4 3 622223333 3 7 6223222 3 8 6
 1IT  3194500 1 2 4 5 5 6 7 7 722333232 6 7 7444111 6 7 6
 1IT  3194600 3 3 3 5 5 6 4 4 422222222 4 6 6222111 5 7 7
 1IT  3194700 6 6 4 7 7 7 6 3 722223323 6 6 6224222 6 6 6
 1IT  3197300 7 4 4 0 4 9 3 3 722222323 0 4 8214222 0 5 8
 1IT  3197400 6 4 3 6 8 8 3 0 622322323 6 7 7333111 6 7 7
 1IT  3197500 5 4 4 6 7 7 5 5 822223222 6 8 8323122 8 8 8
 1IT  3197600 2 1 1 5 5 7 4 4 622333154 5 6 7114111 4 6 7
 1IT  3197700 6 6 5 4 5 5 4 4 522223332 4 5 4233111 5 6 5
 1IT  3198200 5 7 510 5 3 7 5 62233334410 8 444522210 7 4
 1IT  3198300 5 6 3 7 7 8 5 5 422332335 6 8 8333121 6 8 8
 1IT  3198400 3 1 1 5 8 9 5 3 922323115 9 8 9335111 6 810
 1IT  3198900 6 8 7 6 5 7 6 6 722333343 6 6 7333121 5 5 6
 1IT  3199100 4 6 3 5 7 6 3 3 522333322 5 6 6223111 4 6 6
 1IT  3199200 4 5 2 5 4 8 6 5 722323332 3 5 8434111 5 5 8
 1IT  3199500 5 9 5 5 6 8 5 6 622333344 7 7 7333121 5 7 7
 1IT  3199600 5 5 5 5 5 7 4 1 522223333 5 7 8224122 5 7 8
 1IT  3211700 6 2 2 8 010 3 2 822122500 8 01023311188 110
 1IT  3218400 8 2 3 2 210 5 3 522333412 2 210332211 4 410
 1IT  3219200 0 0 0 0 510 0 0 022111000 0 510000111 0 510
 1IT  3219600 8 8 6 4 7 8 3 2 422212442 4 9 8212221 4 9 8
 1IT  3219700 8 7 3 9 2 9 610 822333443 9 2 9344221 9 2 9
 1IT  3220100 3 3 4 5 3 7 6 6 522333111 5 5 6333111 5 6 7
 1IT  3220200 3 3 4 5 6 7 7 7 522332122 6 5 7443111 6 6 7
 1IT  3226100 5 7 5 7 8 8 6 6 822333334 6 8 8334221 7 8 8
 1IT  3226400 5 1 4 0 0 688 6 622233211 1 1 8233111 1 1 8
 1IT  3226900 7 8 5 2 8 9 7 5 722323444 7 8 8323222 2 8 9
 1IT  3227300 5 3 3 1 8 9 3 0 222212323 1 8 8312121 1 8 8
 1IT  3227400 5 7 3 3 8 9 3 3 622222342 3 8 9222121 3 8 9
 1IT  3227500 3 7 3 888 7 3 2 322223242 4 8 7224221 7 8 7
 1IT  3227700 7 7 4 5 7 7 6 6 722323442 5 7 7434221 5 7 7
 1IT  3227900 8 7 5 7 8 5 7 5 722333442 5 7 6434221 5 7 6
 1IT  3228100 4 4 2 7 5 6 7 7 722333222 5 6 6444111 6 7 6
 1IT  3228200 7 7 4 7 8 6 4 3 522223442 6 8 6223221 6 8 6
 1IT  3228400 5 4 4 6 6 5 3 2 822223321 6 7 5224211 6 7 5
 1IT  3228500 9 8 6 7 7 8 6 2 722223444 7 7 7224221 7 7 7
 1IT  3228700 5 4 2 7 4 8 7 6 322332332 6 4 8443111 6 4 8
 1IT  3229100 3 7 2 6 610 6 6 722333222 5 5 8444111 5 5 8
 1IT  3229200 7 7 7 4 8 8 3 1 822213524 4 9 8324222 4 8 8
 1IT  3230000 7 3 1 4 4 8 2 3 722213421 4 5 8224211 5 5 8
 1IT  3230400 7 8 4 4 9 8 3 1 622213444 4 8 8323221 4 8 8
 1IT  3230700 4 4 3 5 8 7 2 0 122111332 5 8 7211121 5 8 7
 1IT  3230800 4 4 3 5 4 8 4 3 322222432 5 4 8222211 5 4 8
 1IT  3230900 0 0 2 6 7 8 6 5 522432222 5 5 8112111 3 3 3
 1IT  3231000 5 5 5 5 8 8 4 3 422222222 3 7 8332111 6 5 5
 1IT  3231300 8 6 5 6 9 8 5 4 72221243210 9 8113222 6 8 8
 1IT  3231400 2 2 2 6 7 9 4 7 722223222 8 9 8234111 6 910
 1IT  3231500 7 7 6 6 3 8 6 8 622232542 8 7 8344222 7 7 7
 1IT  3231600 3 3 4 7 810 6 6 622222333 6 8 9333111 6 810
 1IT  3232600 1 1 1 7 7 6 4 4 422222211 5 7 5222111 6 7 7
 1IT  3232700 6 6 6 5 5 5 6 5 522222333 5 5 5222222 6 6 6
 1IT  3233200 5 8 6 8 6 9 7 6 622333443 7 5 9334222 7 6 8
 1IT  3233300 5 5 6 7 8 8 6 6 622233333 7 6 9333222 7 6 8
 1IT  3233400 4 5 2 5 5 5 4 4 622223222 5 5 6322111 5 5 6
 1IT  3233700 6 6 5 6 6 7 6 5 622223333 6 6 6323222 6 6 8
 1IT  3234500 4 5 5 2 1 3 3 2 222222222 5 4 5222111 2 2 5
 1IT  3235800 5 5 5 6 7 7 2 0 122111553 7 8 8100222 7 8 7
 1IT  3235900 6 6 6 3 8 9 6 2 322222553 6 7 9332221 6 710
 1IT  3236000 5 7 5 4 9 6 3 0 622212330 3 7 5203121 5 7 7
 1IT  3236100 5 5 210 910 888102234422110 91045511210 910
 1IT  3236200 5 2 1 4 5 6 4 4 422223224 5 5 7222111 3 4 7
 1IT  3236400 2 7 3 2 6 4 1 0 022411342 0 5 4000111 0 5 5
 1IT  3236500 8 8 5 5 7 7 5 5 622322442 6 7 6323221 6 7 6
 1IT  3236600 3 4 3 5 4 4 6 4 422222111 4 4 3221111 6 5 3
 1IT  3236700 4 4 3 1 3 5 1 1 222212211 1 3 5112111 2 3 5
 1IT  3236800 7 7 5 5 8 5 7 6 822323333 7 5 5324222 7 5 5
 1IT  3236900 5 5 1 7 0 9 6 81022333332 6 010444221 7 0 9
 1IT  3237000 6 7 4 3 5 7 5 6 222382442 4 6 7321221 4 6 7
 1IT  3237100 7 7 2 5 7 7 6 5 322222431 4 8 8333221 4 7 7
 1IT  3240200 4 7 7 5 8 8 3 0 322212334 5 8 8112222 5 8 8
 1IT  3240500 9 3 1 48810 0 5 522222321 3 3 9222111 588 9
 1IT  3240700 7 7 5 6 8 8 5 7 722222443 7 8 8444222 8 8 8
 1IT  3241000 3 6 1 7 910 3 2 122242211 9 8 8211111 8 9 9
 1IT  3241100 3 5 5 5 5 6 5 4 522233284 3 4 7333181 4 4 7
 1IT  3241200 5 2 1 4 4 7 2888822288224 3 7 7888881 6 7 8
 1IT  3241600 4 6 6 3 2 4 6 5 722333123 6 2 5333111 6 2 4
 1IT  3241900 5 2 2 6 7 5 5 7 722333223 5 7 6544111 6 8 7
 1IT  3242300 8 8 5 2 5 7 3 2 722323443 5 3 7423221 6 3 7
 1IT  3242500 5 5 6 0 0 8 4 2 422223222 3 0 8222111 2 2 8
 1IT  3245300 0 5 2 6 810 3 6 822233053 51010355111 4 810
 1IT  3245400 6 7 4 6 9 9 4 5 222218333 5 9 9333111 6 9 9
 1IT  3245500 5 8 7 8 8 9 3 3 422223333 8 710333111 8 810
 1IT  3245600 7 5 5 5 7 7 3 3 622223334 5 7 7334221 5 7 8
 1IT  3245700 5 7 4 4 8 6 5 3 622113332 5 7 6224111 6 7 6
 1IT  3245800 4 6 4 7 6 7 4 5 322224332 7 7 7224121 7 7 7
 1IT  3245900 5 7 7 5 7 5 3 3 222112332 5 7 5004221 5 7 5
 1IT  3246000 7 7 3 7 8 8 9 6 822222441 7 8 8004121 7 8 8
 1IT  3246100 3 3 2 5 7 7 4 3 522223221 5 7 7223111 5 7 7
 1IT  3246200 1 1 4 2 7 7 3 0 622113002 2 7 7003111 2 7 7
 1IT  3246300 5 4 5 3 9 8 2 0 122112122 3 9 8003111 2 8 8
 1IT  3246400 7 7 6 6 7 6 2 0 722113443 6 7 6004228 6 7 6
 1IT  3246500 510 5 6 710 8 7 622333143 6 710334121 6 710
 1IT  3246600 6 6 5 5 8 9 4 4 722223332 5 8 9224111 5 8 9
 1IT  3246700 5 6 6 5 5 6 6 5 622323231 5 5 6223111 5 5 6
 1IT  3246800 7 6 5 5 4 7 5 4 722333343 5 4 7334222 5 4 7
 1IT  3246900 7 7 7 6 5 8 6 2 322212444 6 5 8311222 6 5 8
 1IT  3247000 5 6 3 2 6 3 3 2 722223333 2 6 3114111 2 6 3
 1IT  3247100 3 3 2 7 5 8 4 5 822334111 7 5 8234111 7 5 8
 1IT  3247200 6 5 5 6 6 8 6 6 622233333 6 6 8334222 6 6 8
 1IT  3247300 6 6 2 3 6 6 4 1 522223333 3 6 6223222 3 6 6
 1IT  3247400 3 5 6 7 7 7 4 4 522233222 7 7 7233111 7 7 7
 1IT  3247500 6 8 4 7 910 2 2 522113333 7 910113111 7 910
 1IT  3247600 1 1 1 2 3 3 710 722342111 2 3 3253111 2 3 3
 1IT  3247700 0 0 0 2 5 1 3 2 222222111 2 5 1111111 2 5 1
 1IT  3247800 2 2 2 5 4 6 5 4 322222111 5 4 6111111 5 4 6
 1IT  3247900 5 5 2 5 6 6 5 5 322322222 5 6 6222221 5 6 6
 1IT  3248000 7 7 5 5 6 5 1 1 322111444 5 6 5111222 5 6 5
 1IT  3248100 6 5 4 6 7 4 5 3 622213444 6 7 4114111 6 7 4
 1IT  3248300 4 4 4 6 5 6 0 6 622223222 6 5 6224111 6 5 6
 1IT  3254900 6 5 4 4 5 5 3 2 022211333 5 5 5333221 5 5 5
 1IT  3255000 3 3 788888888888822888838888888888888888888
 1IT  3255100 7 7 5 6 5 6 5 6 522333333 7 7 7333111888888
 1IT  3259700 5 410 5 5 6 1 1 122222111 2 2 6000111 0 0 6
 1IT  3259800 5 6 2 6 7 6 5 0 122211200 6 8 6202111 6 8 6
 1IT  3259900 1 1 1 2 2 2 4 5 522333333 3 2 5112111 5 5 6
 1IT  3260000 2 1 0 0 0 8 0 0 722223555 3 7 9005111 0 9 9
 1IT  3260100 2 5 5 3 7 6 5 5 522222155 2 7 7122111 2 7 7
 1IT  3260200 6 9 5 7 6 4 6 5 422333351 6 6 4331111 6 6 4
 1IT  3260300 3 3 2 5 4 7 6 6 622333554 5 6 7334111 5 7 7
 1IT  3260400 0 8 3 3 6 8 2 3 322222555 8 210011111 3 3 8
 1IT  3260500 6 7 3 2 8 7 4 0 222213322 010 7202221 2 8 7
 1IT  3260600 5 5 5 5 5 8 3 2 322223555 8 8 8323221 5 7 8
 1IT  3260700 8 8 7 5 2 9 3 3 422222334 3 5 7333222 5 5 8
 1IT  3260900 2 8 7 1 1 2 5 4 422282434 3 2 3111111 3 2 3
 1IT  3269300 0101010 810 3 3 822232514 4 5 4332122 8 8 8
 1IT  3269600 7 4 3 7 7 6 6 4 622223423 7 7 7324222 7 7 6
 1IT  3269700 4 2 5 4 6 4 3 2 522113325 4 6 3004121 4 6 3
 1IT  3269800 2 2 2 5 6 5 0 2 522223144 3 6 5324181 4 6 6
 1IT  3270400 8 8 9 4 4 9 4 3 622223345 3 5 9224222 3 6 9
 1IT  3270900 9 8 5 5 5 7 3 4 622333514 4 6 8223222 3 5 8
 1IT  3271000 0 0 0 4 4 9 4 4 322222000 3 4 8112111 3 5 9
 1IT  3271400 6 5 5 6 7 7 588 522333433 7 7 7333222 6 7 7
 1IT  3271800 6 4 4 5 4 5 3 3 322222322 4 4 3222111 3 4 4
 1IT  3271900 5 7 7 6 6 8 5 7 822233444 6 8 7444222 7 8 8
 1IT  3272000 6 7 7 5 7 6 5 5 622333111 6 7 6334111 5 6 6
 1IT  3274100 5 3 3 6 5 5 6 5 522333343 6 6 6333222 6 6 6
 1IT  3274300 2 2 1 2 5 4 1 1 122222221 0 0 0000111 0 2 3
 1IT  3274400 3 2 2 3 4 4 7 5 222224221 5 4 4222111 3 3 3
 1IT  3274500 1 2 1 3 2 0 4 3 222221111 2 2 0221111 3 3 0
 1IT  3274600 1 2 18888 6888888228881118888 78881118888 7
 1IT  3274700 5 5 688 4 8888888228882228888 88882228888 8
 1IT  3274800 3 4 5 4 7 9 0 0 422222201 2 8 9212111 2 6 9
 1IT  3274900 3 7 2 8 6 8 0 58822222221 7 7 7221111 6 7 8
 1IT  3275000 2 2 4 3 3 4 7888822888111 5 5 5888111 5 5 5
 1IT  3278900 5 5 5 5 5 9 4 2 222222322 5 5 9222881 3 5 8
 1IT  3279000 7 4 4 4 5 6 4 4 422222323 4 5 6322881 5 5 6
 1IT  3279100 3 3 4 5 6 7 4 3 422222222 4 5 4222111 5 5 6
 1IT  3279200 5 6 5 6 6 6 7 6 622222334 5 5 5222211 5 5 6
 1IT  3279300 5 3 2 2 3 4 3 1 222122244 4 3 4211111 3 3 4
 1IT  3283800 0 3 3 3 4 7 3 68822338211 5 5 833311188 8 8
 1IT  3283900 010 9 7 7 7 5 3 322222050 5 5 7253121 5 5 7
 1IT  3284000 8 8 7 8 8108888 72288844488 8 888822188 8 8
 1IT  3284100 2 4 188 8 8 6 7882233311188 8 844411188 8 8
 1IT  3284200 1 1888888 688 1882284800088 5 68181118888 6
 1IT  3284300 1 2 2 6 6 7 6 7 722333233 8 7 7333111 8 7 7
 1IT  3284400 7 3 0 7 7 5 3 2 322222311 5 7 5122211 6 7 5
 1IT  3284500 5 6 8 5 8 9 4 4 622223333 4 7 8333111 5 7 8
 1IT  3284600 0 8 3 2 8 9 5 38822228042 3 3 8223181 3 4 8
 1IT  3284700 5 3 4 7 5 7 3888822323000 5 710223111 8 610
 1IT  3284800 6 5 6 2 0 3 3 0 122212333 5 2 3101111 2 4 3
 1IT  3284900 6 5 3 8 9 5 3 2 422112332 8 9 5112211 8 9 5
 1IT  3285000 7 5 4 81010 5 71022834424101010844218101010
 1IT  3285300 9 7 4 6 6 7 6 6 822334433 6 7 7334221 6 7 7
 1IT  3285400 5 5 5 81010 1 18822222332 3 9 6233211 3 8 8
 1IT  3285500 0 0 588 5 5 0 08822223000 5 5 8028111 4 5 7
 1IT  3285600 7 7 6 5 4 988 1 222228522 4 7 9228228 5 7 8
 1IT  3285900 5 6 3 5 3 6 5 5 622323332 6 6 7233121 6 6 7
 1IT  3286000 0 0 0 2 5 5 5 0 222222000 2 2 5101111 5 3 5
 1IT  3286100 7 3 8 3 210 5 3 622324434 5 5 9324222 4 9 9
 1IT  3288500 7 7 7 0 0 588 0 022812224 0 0 0808121 0 0 5
 1IT  3288800 5 6 4 5 3 8 6 6 722383332 5 3 8383221 5 3 8
 1IT  3288900 3 4 3 8 4 8 3 0 622213221 7 7 9303111 7 7 9
 1IT  3289000 5 8 588888888888822888888888888888188888888
 1IT  3289100 5 5 8 5 3 5 7 6 622333222 5 5 5444111 5 5 5
 1IT  3289200 0 0 8 0 0 888 4 422822003 4 4 8880221 0 0 6
 1IT  3289300 2 2 2 2 2 888888822888000 81010888118 8 8 8
 1IT  3289400 5 6 41010 9 1 0 1221123421010 90001221010 9
 1IT  3290000 4 7 7 6 4 7 7 8 722333222 8 4 8444111 8 4 8
 1IT  3290100 5 5 388 5 7 5 3 92288323388 6 632418188 6 6
 1IT  3290300 88888 6 6 888 6 6228338808888 88882818888 8
 1IT  3290800 5 4 2 6 5 6 3 4 722223231 6 6 7123111 7 6 7
 1IT  3293400 1 7 8 8 4 7 6 5 722334144 7 8 7334122 6 8 7
 1IT  3293600 8 7 6 5 2 6 6 5 722333344 6 2 6434222 5 2 6
 1IT  3294000 7 8 6 5 8 7 5 5 922324444 7 7 9335222 7 7 8
 1IT  3294100 6 5 5 9 9 9 5 5 722283333 7 9 9224228 7 9 9
 1IT  3294300 5 6 4 8 6 7 6 6 622333433 8 8 8434222 8 8 8
 1IT  3294400 5 7 3 7 5 4 2 2 722113332 7 9 4003111 8 9 4
 1IT  3294900 4 5 4 4 7 6 1 1 722213333 4 9 7105222 4 9 7
 1IT  3295000 2 1 310 8 9 1 0 822214112 9 9 8105111 4 9 8
 1IT  3295100 5 7 8 71010 4 4 822213444 8 9 9105222 5 9 9
 1IT  3295200 5 4 4 7 6 7 5 3 822223222 6 6 7224111 6 6 7
 1IT  3295800 1 4 6 5 2 7 0 2 522114111 5 2 8005111 5 2 8
 1IT  3295900 5 7 3 7 7 4 0 0 722113341 6 5 4005111 7 6 5
 1IT  3296000 5 3 3 5 7 7 2 0 722213222 5 8 7104111 5 8 7
 1IT  3296300 5 3 6 4 3 4 4 4 522222222 3 4 5222111 3 3 5
 1IT  3296600 5 6 0 6 3 7 0 0 722112200 4 4 7003111 4 4 7
 1IT  3296700 7 7 6 6 8 5 3 3 622223333 5 8 5113222 5 8 5
 1IT  3297300 2 5 5 5 5 5 588 822223222 5 5 5223111 5 5 5
 1IT  329740010 8 8 9 6 7 0 0 622113444 6 6 7004222 3 6 7
 1IT  3297500 5 5 5 5 2 6 0 0 622113222 5 5 7004111 5 5 7
 1IT  3297600 5 5 5 1 1 1 0 0 422113333 610 5003222 510 5
 1IT  3297700 6 6 6 6 6 6 0 0 722113333 6 6 6004222 6 6 6
 1IT  3297800 4 4 4 4 5 5 2 2 322113222 4 6 5113111 4 6 5
 1IT  3297900 6 6 61010 6 3 2 8221133331010 60042221010 6
 1IT  3298000 5 5 5 9 6 6 2 2 722113333 9 6 7004222 9 6 7
 1IT  3303000 6 8 8 5 5 5 7 7 722333344 5 5 5444111 5 5 5
 1IT  3303100 6 6 6 7 7 7 6 6 722333111 5 5 5444111 5 5 5
 1IT  3304100 8 5 5 7 7 7 6 7 722833433 7 7 7444281 7 7 7
 1IT  3304200 8 8 4 5 8 9 1 5 522228555 81010122222101010
 1IT  3304400 5 5 5 4 4 4 6 6 622228333 6 6 6222111 6 6 6
 1IT  3304500 6 6 6 7 7 7 7 1 522222333 6 6 6333111 6 6 6
 1IT  3305100 6 6 6 6 6 6 8 5 522228333 6 6 6333111 6 6 6
 1IT  3305200 3 3 3 6 6 6 4 5 522222111 6 6 6222111 6 6 6
 1IT  3305400 5 5 5 3 3 3 5 5 522222333 4 4 4333111 4 4 4
 1IT  3305500 4 4 4 6 6 6 3 4 522222333 7 7 7333111 7 7 7
 1IT  3305600 3 3 3 6 6 68888 522222111 6 6 6222111 6 6 6
 1IT  3305700 7 3 3 5 6 6 5 4 422222222 5 6 6222111 6 6 6
 1IT  3306100 1 1 1 1 1 188888822888000 1 1 1881111 1 1 1
 1IT  3306200 8 5 5 4 4 4 4 4 422222444 4 4 4222282 4 4 4
 1IT  3306300 1 1 1 1 1 1 1 1 122222111 1 1 1111111 1 1 1
 1IT  3306400 5 5 5 6 4 6 3 3 322222332 6 4 6222111 5 4 6
 1IT  3307700 7 6 310 8 8 3 2 722332555 8 7 8555222101010
 1IT  3307800 5101088 710 5 7 522222333 3 5 755522288 6 6
 1IT  3307900 7 9 888 9 8 3 6 62233342488 7 83332228888 8
 1IT  3308000 5 2 6 4 0 0 5 6 022232344 3 0 0543111 0 0 0
 1IT  3308100 81010 5 0 4 1 1 122111343 0 0 5444222 5 0 5
 1IT  3308200 3 3 1 1 5 4 1 0 022112333 3 5 430011188 5 4
 1IT  3308600 3 3 3 6 2 3 6 6 622222111 5 3 4111111 5 3 3
 1IT  3310000 3 8 2 5 610 5 5 022322555 5 51053211188 610
 1IT  3310100 5 6 2 5 3 6 5 1 322111444 4 5 6333111 1 5 6
 1IT  3312400 7 7 6 7 9 8 5 3 422322333 6 8 7333222 7 9 8
 1IT  3312500 010 010 0 5 0 91022344030 5 1 5355111 4 0 5
 1IT  3314400 7 7 3 5 6 3 2 0 422113431 3 7 3013221 4 8 3
 1IT  3315100 8 0 6 5 5 6 5 41022114400 5 5 6005211 5 5 6
 1IT  3315700 3 7 5 8 7 6 4 4 722332233 8 6 6224112 8 6 6
 1IT  3318400 5 5 5 5 4 9 1 5 422132333 4 4 7223211 4 4 7
 1IT  3319700 7 7 5 8 8 8 688102238343310 8 933422210 9 9
 1IT  3319800 6 6 2 0 9 3 3 0 022211334 2 9 3101221 1 9 3
 1IT  3319900 7 7 4 5 5 8 7 5 522322442 5 5 8423221 5 5 8
 1IT  3323300 2 2 2 6 410 8 6102244432210 510333111 6 810
 1IT  3326900 5 5 3 4 3 9 8 5 522322222 3 3 8423111 3 3 8
 1IT  3327500 5 5 5 3 5 6 5 6 722334333 5 6 7334222 5 6 7
 1IT  3327600 5 5 5 5 5 5 3 3 522223333 5 5 5224222 5 5 5
 1IT  3327700 6 6 6 8 9 6 3 1 922114444 8 9 6104222 8 9 6
 1IT  3331700 5 6 1 5 810 0 3 622334342 5 8 8444111 5 810
 1IT  3331800 6 5 2 5 3 8 3 3 522322433 6 610333221 6 610
 1IT  3331900 6 5 2 5 5 7 4 2 522122330 3 6 7112111 3 7 6
 1IT  3332000 2 8 2 91010 7 1 722114500101010545111 71010
 1IT  3332600 5 5 6 9 810 4 8 42233342510 810235818 8 810
 1IT  3332700 1 2 1 5 5 6 2 5 222222000 6 610143111 7 610
 1IT  3333400 6 7 5 7 6 7 4 4 622112443 6 7 7224222 7 7 6
 1IT  3333500 5 5 2 8 7 8 2 1 222111440 7 7 8001111 6 7 8
 1IT  3333600 3 2 5 0 088 0 0 122111433 5 1 5000111 5 1 5
 1IT  3333700 5 5 4 1 3 2 5 2 222111351 5 5 5211121 5 5 5
 1IT  3333800 5 5 6 5 8 9 0 2 622112121 5 6 7023111 6 7 9
 1IT  3334200 5 3 2 6 2 9 4 7 722222332 5 2 7223121 7 2 6
 1IT  3334500 8 8 2 3 0 5 7 0 022211441 0 2 6200221 0 2 6
 1IT  3334600 0 4 5 2 610 3 0 022211012 0 510000111 1 610
 1IT  3334700 5 6 3 5 1 7 0 0 022111530 2 210200111 2 2 7
 1IT  3335100 3 8 5 2 7 8 4 2 422111333 6 7 9012111 5 7 8
 1IT  3335400 1 6 6 6 5 6 4 6 522123235 6 5 6333121 7 5 6
 1IT  3341300 6 6 6 5 5 1 3 0 022111433 3 3 0000111 3 4 0
 1IT  3341500 5 5 7 5 7 8 688 622223223 5 7 8223118 5 8 8
 1IT  3341600 6 6 3 4 6 3 6 4 422211333 4 6 4211111 4 6 1
 1IT  3341700 3 3 3 588 4 5 5 522222012 6 8 6111111 5 7 2
 1IT  3342800 1 5 58888 88888 5222280038888 8322111888810
 1IT  3346100 4 3 4 4 4 6 4 4 422222114 4 4 5322111 4 6 6
 1IT  3346200 7 5 4 1 2 6 5 4 522222333 1 2 6333111 4 2 6
 1IT  3346300 8 6 8 4 7 8 6 5 522222333 4 7 8333111 5 7 8
 1IT  3346400 3 8 3 7 9 9 6 6 822333544 7 9 9444212 7 9 9
 1IT  3346500 3 1 7 4 1 9 4 1 622213233 4 1 9354111 4 1 9
 1IT  3346600 6 3 7 5 7 8 4 3 622223224 5 7 8223111 5 7 8
 1IT  3346700 2 6 5 9 9 7 4 1 722223244 7 9 7423221 7 9 7
 1IT  3346800 7 2 7 9 7 8 6 7 722223545 9 7 8444111 9 7 8
 1IT  3346900 8 2 7 7 6 8 5 6 522222225 7 7 8333111 7 6 8
 1IT  3347000 7 2 7 4 5 6 4 4 622223433 4 5 6334211 4 5 6
 1IT  3347100 6 2 5 810 4 7 6 522332324 810 4333111 810 4
 1IT  3351100 2 2 3 2 2 4 2 0 122241322 4 5 2322111 3 4 3
 1IT  3351200 0 0 0 1 5 7 5 3 422111111 1 1 1111111 1 1 1
 1IT  3351300 7 2 2 3 4 4 3 2 222212113 5 4 5222111 4 3 4
 1IT  3351400 6 4 4 6 5 5 7 5 422232322 6 6 5222222 7 8 7
 1IT  3351500 0 0 1 5 6 78888882288843388 6 788822888 5 7
 1IT  3351600 7 5 5 6 8 9 8 4 522222333 8 9 8333211 8 9 8
 1IT  3351700 5 1 1 5 6 688 4 522222333 8 7 7333111 7 7 6
 1IT  3352300 2 2 2 3 3 3 4 3 322333222 2 2 2333888 2 2 2
 1IT  3353500 2 5 2 6 7 7 3 4 622233535 6 7 7443211 7 7 6
 1IT  3353600 3 3 3 6 5 8 5 4 522332344 6 7 7222211 6 7 8
 1IT  3353700 5 4 4 4 6 5 7 6 722222332 2 4 3333222 6 5 5
 1IT  3353800 8 5 6 3 5 6 2 2 422223222 4 3 6222222 2 5 5
 1IT  3355800 5 3 2 1 610 6 1 422222533 5 6 9222211 5 510
 1IT  3355900 3 2 1 3 7 8 5 3 322111222 7 5 7111111 5 5 7
 1IT  3356100 7 8 2 6 6 6 6 3 322111231 5 6 6322111 5 5 6
 1IT  3356200 7 4 3 610 4 6 5 522222322 610 6212211 210 3
 1IT  3356300 6 3 3 5 5 5 4 1 322222323 5 5 3111222 5 5 3
 1IT  3356900 3 3 3 5 7 9 6 5 622333322 7 7 6433111 7 7 9
 1IT  3357000 7 6 3 9 7 7 5 5 422222421 6 7 7222211 6 7 7
 1IT  3357200 6 2 2 4 7 7 4 2 222222322 5 5 6233211 5 7 7
 1IT  3357300 4 3 3 6 7 7 5 6 622222422 7 7 7222211 7 7 7
 1IT  3357400 6 5 4 4 7 7 7 4 522222322 8 8 8222111 6 7 6
 1IT  3357500 7 5 2 5 7 8 5 5 522223322 6 7 8233211 5 7 8
 1IT  3357600 6 5 6 5 7 7 5 5 522222332 5 7 7333111 5 7 7
 1IT  3357900 7 6 6 6 7 8 6 5 522222332 5 8 7332222 6 7 8
 1IT  3358000 5 5 5 6 8 8 5 5 622233333 6 8 8222221 6 8 8
 1IT  3358100 5 4 3 6 6 8 3 3 522333454 6 6 7111111 5 6 7
 1IT  3358200 5 5 5 6 8 8 6 6 622222222 5 7 6222222 6 7 7
 1IT  3358300 5 6 4 7 7 8 7 7 622222333 6 8 8333221 7 7 7
 1IT  3358400 4 2 3 4 7 7 4 4 422222322 5 7 8222111 6 7 8
 1IT  3358500 4 4 3 6 8 8 5 4 422222422 5 7 7333111 7 7 8
 1IT  3358700 3 3 3 7 7 7 5 5 522222222 7 7 7322111 5 7 7
 1IT  3358800 3 3 3 1 7 6 3 1 022221222 6 7 6211111 5 6 6
 1IT  3358900 5 3 3 5 7 6 3 1 022211111 5 7 6210111 5 7 6
 1IT  3359000 5 5 5 6 7 7 4 4 422222332 6 7 7222111 6 7 7
 1IT  3359300 4 4 4 7 5 5 5 5 422222442 2 2 6222111 3 2 8
 1IT  3359400 4 5 4 6 7 7 4 3 622222333 6 6 6322111 5 6 6
 1IT  3359500 6 5 5 5 6 7 5 5 622223423 6 7 7333222 6 7 7
 1IT  3359600 6 3 3 7 7 7 5 7 622222423 6 7 7333111 6 7 7
 1IT  3359900 5 2 1 6 7 7 1 3 422111322 4 2 3333111 3 7 6
 1IT  3360000 8 2 2 0 6 6 4 1 322222422 1 6 6222221 5 6 6
 1IT  3360100 4 5 5 5 7 7 6 6 622222433 5 7 7333111 6 7 7
 1IT  3360300 4 3 2 5 7 7 5 5 622222333 6 7 7323111 6 7 7
 1IT  3360500 4 4 4 6 6 6 7 6 622333143 7 8 7433111 6 8 7
 1IT  3360700 6 1 4 1 6 2 4 1 122213543 4 6 2222221 3 6 2
 1IT  3360900 5 5 7 5 6 5 4 4 322222224 4 6 5432111 5 6 4
 1IT  3362100 5 4 7 6 6 6 4 4 422222323 6 6 6322111 5 6 6
 1IT  3362600 2 4 2 3 6 5 5 1 222222222 5 6 5322111 4 6 6
 1IT  3365500 2 3 3 5 4 4 5 5 522111323 3 3 3555111 3 3 3
 1IT  3366000 1 2 2 4 7 5 4 3 322111222 4 3 3322111 5 5 5
 1IT  3366800 2 2 3 2 2 2 3 3 322444444 4 4 454411188 2 2
 1IT  3366900 4 4 4 5 6 6 4 4 522444282 2 2 223311188 2 2
 1IT  3367300 6 3 3 4 7 4 3 3 322222423 4 5 4222211 4 7 3
 1IT  3367800 0 0 0 0 0 4 2 4 222222242 0 0 3333211 0 0 3
 1IT  3368000 2 2 2 0 0 6 8 4 522222222 2 2 2122111 0 0 0
 1IT  3368100 7 4 2 2 2 2 8 6 722334222 2 2 7222211 6 2 7
 1IT  3368200 2 2 2 3 3 3 6 6 622222312 2 2 2444111 3 4 3
 1IT  3370100 5 3 6 5 5 7 4 3 322221333 3 4 7333111 5 4 5
 1IT  3370500 7 6 8 1 4 5 6 5 522112343 5 6 8122222 3 4 8
 1IT  3370800 5 5 5 3 7 7 4 3 322111333 6 5 8121111 3 3 7
 1IT  3370900 4 4 4 5 6 7 4 5 322221445 7 7 9221111 6 8 9
 1IT  3371000 6 5 6 6 7 9 5 2 222123322 6 6 8221111 5 7 8
 1IT  3372000 4 4 5 6 7 8 4 3 622122433 8 810322111 7 8 9
 1IT  3372100 6 6 6 6 8 8 4 2 322212444 8 9 9222111 6 9 9
 1IT  3372500 6 6 4 7 7 8 4 3 422221332 7 8 8221111 6 8 9
 1IT  3375100 5 6 5 1 4 5 4 1 622212335 4 5 6213811 5 5 6
 1IT  3375200 2 4 3 1 9 7 3 4 222121145 1 9 7111111 2 9 7
 1IT  3375500 7 3 5 2 3 1 1 0 222212244 2 3 1112111 2 4 2
 1IT  3375600 5 4 2 4 5 3 2 2 222112144 3 4 2111111 2 4 2
 1IT  3375700 1 1 2 4 7 6 1 1 122112055 2 7 6011111 2 7 6
 1IT  3375800 0 1 1 3 9 5 1 1 122111055 3 8 6001111 3 8 5
 1IT  3376000 4 3 3 3 6 5 2 1 222112211 4 7 6111111 3 7 6
 1IT  3376100 6 7 4 4 7 7 2 2 122212323 5 7 7111111 4 7 7
 1IT  3377700 3 2 3 4 4 9 6 8 722333111 4 4 8444111 4 4 8
 1IT  3377800 3 3 1 5 7 7 3 3 522122111 5 6 5112111 5 6 5
 1IT  3379800 4 6 5 5 6 5 4 5 422222234 6 5 4222111 2 3 4
 1IT  3379900 8 6 3 5 3 6 5 3 422223344 4 5 5422221 4 4 5
 1IT  3380000 3 8 5 2 6 6 4 2 522223342 4 6 5344111 3 6 5
 1IT  3380100 2 3 2 5 0 3 4 4 322222222 3 0 3223111 4 0 3
 1IT  3380200 6 5 6 6 6 7 5 6 722223323 7 7 6223111 6 6 6
 1IT  3380300 3 2 0 1 3 4 4 2 322112222 3 2 5222111 4 6 6
 1IT  3380400 5 6 6 4 5 4 5 0 422432234 4 4 5222222 4 5 3
 1IT  3380500 0 4 5 4 5 3 4 4 322122322 3 4 5322111 4 4 4
 1IT  3380600 1 0 0 6 7 8 3 0 922211000 4 4 6010111 4 4 6
 1IT  3380700 6 6 6 6 7 4 3 3 322111222 5 6 6222222 4 5 5
 1IT  3394300 0 0 5 5 6 8 6 4 622344344 3 4 3333211 5 5 6
 1IT  3394400 0 0 6 3 4 6 5 4 422232233 4 4 6444111888888
 1IT  3394500 2 3 3 7 6 9 6 6 622233322 91010334212888888
 1IT  3394600 6 7 6 3 3 488 8 722433223 8 6 745222288 8 7
 1IT  3394800 4 6 7 5 4 5 7 5 622443322 3 3 4443121 1 6 7
 1IT  3394900 0 5 4 2 8 8 1 3 522433234 4 5 44321128888 9
 1IT  3395000 3 4 4 5 6 4 7 7 722244323 4 6 3342212 7 6 6
 1IT  3395100 1 1 1 3 6 2 5 5 422443233 4 3 432211188 5 6
 1IT  3398900 4 5 5 5 6 6 5 5 322222222 4 6 6000111 0 4 6
 1IT  3399000 5 6 4 3 7 488 3 622212243 4 6 6114222 3 7 6
 1IT  3399100 5 5 5 5 6 6 5 5 622223433 6 6 6234111 5 6 6
 1IT  3399200 5 5 6 4 7 5 4 6 622143332 6 5 5243111 7 4 5
 1IT  3399300 4 5 5 4 6 588 28822111112 3 6 5103111 4 5 5
 1IT  3399400 5 5 5 5 6 6 5 4 522223222 5 6 6233111 5 6 6
 1IT  3399500 5 8 2 5 3 8 3 2 422211151 3 3 3000111 1 5 4
 1IT  3399600 5 0 0 5 6 5 0 0 022111315 4 4 4000111 5 5 5
 1IT  3403800 5 1 1 1 2 1 1 1 222222422 1 4 111111188 1 1
 1IT  3404000 8 2 3 2 3 3 3 2 522112121 3 5 4222222 4 4 4
 1IT  3404100 9 5 7 5 7 8 3 5 522222333 7 6 5211222 4 3 4
 1IT  3404200 4 4 5 5 7 8 6 3 522213322 7 7 8333111 5 5 8
 1IT  3404300 5 7 4 2 2 6 6 4 422211324 2 7 6001211 0 0 4
 1IT  3404400 5 5 5 5 6 8 5 58822434343 4 6 7324222 58888
 1IT  3404600 5 8 2 6 7 8 5 5 622221835 5 0 8344211101010
 1IT  3404700 410 3 6 5 6 6 5 722333344 6 5 6443222 5 6 5
 1IT  3404800 6 2 0 8 5 7 4 38822122244 8 7 7323211 3 3 7
 1IT  3404900 7 2 3 6 7 6 6 5 722123000 5 7 5334811 5 7 7
 1IT  3405000 5 5 2 8 4 9 7 8 622333242 5 7 8233212 8 7 6
 1IT  3405100 1 5 5 1 5 5 4 3 322323222 6 5 5323221 0 5 5
 1IT  3405200 4 310 5 4 8 410 522212311 5 1 8332111 5 1 6
 1IT  3405300 1 1 5 5 5 6 7 6 622338328 5 5 6888111 7 7 7
 1IT  3405500 51010 51010 5 5 522444433 51010233111 51010
 1IT  3405900 5 5 5 6 7 7 5 5 622222555 5 8 8345181 5 8 7
 1IT  3406000 2 4 2 110 8 4 4 822222333 7 9 8333211 7 6 7
 1IT  3406100 5 5 4 6 8 7 5 7 522323323 5 6 7332111 6 5 6
 1IT  3406300 7 5 5 2 6 8 5 5 622444433 7 6 7343222 7 6 7
 1IT  3408500 3 5 1 4 6 6 3 2 222222405 6 6 8344111 5 6 7
 1IT  3408600 9 8 7 2 3 5 3 2 622223555 6 5 9488221 6 610
 1IT  3408700 2 5 0 4 5 6 5 3 322122005 3 5 8010111 2 1 4
 1IT  3408800 5 5 7 5 6 9 5 5 622222133 8 710223111 8 710
 1IT  3408900 1 2 4 2101010 2 622283133 5 910322111 5 9 9
 1IT  3409000 9 9 5881010 1 1 022111554 5 610330222101010
 1IT  3409100 1 2 2 31010 2 1 422112000 5 9 9111111 41010
 1IT  3409500 5 6 5 710 9 5 4 322222333 71010333112 8 910
 1IT  3409600 3 3 3 4 7 8 3 3 322111112 4 6 8332111 5 8 8
 1IT  3409700 5 6 7 91010 3 5 622322324 91010122112 91010
 1IT  3409800 5 7 5 4 7 9 3 4 422211323 41010223122 7 9 9
 1IT  3410200 5 5 6 4 8 7 3 5 622113544 4 8 7223111 4 8 7
 1IT  3413300 6 6 4 3 7 6 3 2 422223333 3 6 6224111 2 6 6
 1IT  3413400 8 5 2 21010 2 0 522212432 210 8112221 210 7
 1IT  3413500 5 7 5 6 7 6 4 4 422228343 5 5 5228221 6 6 6
 1IT  3413800 5 6 3 6 8 7 6 48822228383 6 7 6222181 2 8 6
 1IT  3414400 5 4 388 6 0 2 1 522212224 3 7 8113111 2 8 8
 1IT  3414700 6 6 6 6 6 6 5 4 422322333 5 5 5333222 6 6 6
 1IT  3414800 8 8 6 7 7 8 6 5 622333443 4 6 3333222 8 6 6
 1IT  3415000 5 3 6 4 7 4 4 2 422313532 7 7 5003811 5 7 6
 1IT  3415100 1 2 1 1 810 0 0 022111142 0 8 8000111 0 8 8
 1IT  3415200 5 4 5 7 8 8 5 5 522111322 5 610110111 5 710
 1IT  3415300 0 0 0 0 0 2 0 0 022111000 0 0 0000111 0 0 0
 1IT  3415400 5 510 5 510 5 4 522212000 5 5 5000111 5 5 5
 1IT  3415500 5 9 3 5 810 7 6 822122413 8 510123221 5 610
 1IT  3415600 3 3 5 9 5 8 3 6 622233311 9 8 8232111 8 8 9
 1IT  3415700 5 8 5 1 3 5 7 4 222211251 4 5 5321221 5 5 5
 1IT  3415800 4 3 3 4 9 9 2 5 422222131 3 7 8001111 5 8 8
 1IT  3415900 6 6 2 4 5 4 3 1 422111332 4 4 4111111 4 4 4
 1IT  3416000 5 6 7 5 5 8 5 8 622332333 6 8 8332111 5 8 8
 1IT  3416100 510 7 5 7 7 4 3 422111333 3 8 7000121 4 8 7
 1IT  3416200 7 5 3 7 1 9 3 2 522113481 5 4 8208211 8 5 8
 1IT  3416300 5 5 5 4 7 7 3 3 422111333 5 5 6111111 4 6 6
 1IT  3416400 588 0 4 6 2 2 81022232333 5 5 5243121 6 6 6
 1IT  3416500 0 5 08888 6 2 3 322222242 4 5 6212111 4 4 7
 1IT  3416600 6 510 5 2 9 5 5 422233444 8 3 8455222 8 2 8
 1IT  3416700 3 6 4 5 2 7 4 5 622223334 6 5 7322111 6 5 7
 1IT  3416800 7 7 5 7 6 9 6 6 622322333 5 4 7322111 5 4 7
 1IT  3416900 6 5 3 5 6 7 3 2 322222322 5 6 5222111 6 7 7
 1IT  3417000 7 7 5 7 6 6 5 5 622222222 6 6 7222111 4 6 7
 1IT  3417100 5 2 3 4 5 5 4 4 622222355 3 3 5303111 0 3 5
 1IT  3417200 8 4 5 2 3 3 1 0 222223334 4 4 2112211 6 5 2
 1IT  3417800 3 3 3 3 5 3 3 48822228222 3 3 3211111 3 3 3
 1IT  3418000 5 5 3 7 7 7 3 4 522222223 5 7 7212111 4 6 7
 1IT  3418100 7 7 7 1 6 6 6 6 722432443 3 4 6333888 4 4 4
 1IT  3418200 2 9 6 2 7 5 3 2 322222544 3 6 6322111 6 5 6
 1IT  3418300 6 8 7 6 6 7 4 5 622223844 5 6 6332222 7 7 7
 1IT  3418400 6 5 6 6 5 6 6 4 422323343 6 7 8444211 5 4 5
 1IT  3418500 3 2 6 0 6 788 5 322333243 5 6 6343221 7 6 6
 1IT  3418600 3 4 5 4 4 7 4 5 522222345 4 5 6323111 4 5 6
 1IT  3418700 6 4 6 5 6 7 5 6 622343343 5 5 5334222 6 6 6
 1IT  3418800 6 7 6 4 4 7 2 2 622323243 4 3 4343112 7 7 7
 1IT  3418900 7 3 9 7 5 8 4 6 622333433 3 5 5343211 7 8 7
 1IT  3419000 4 3 3 5 2 4 5 6 722333434 3 4 4433111 3 4 3
 1IT  3419100 4 3 4 5 6 6 4 3 422122323 4 5 5244111 6 5 6
 1IT  3421100 2 2 6 6 6 6 5 6 522333432 5 6 7422111 5 6 6
 1IT  3421200 7 3 4 6 7 7 5 4 622332343 6 7 6343111 6 5 6
 1IT  3422900 3 9 1 4 4 8 0 5 422222355 2 2 722311188 5 7
 1IT  3423000 5 3 8 0 6 6 3 3 322222343 3 3 600218188 5 7
 1IT  3423100 0 0 3 6 6 7 4 3 622222242 5 5 611211288 3 6
 1IT  3423200 0 0 1 6 7 7 6 6 822222433 5 5 6323111 5 5 7
 1IT  3423300 0 0 0 6 6 7 6 6 622232234 6 6 7444111888888
 1IT  3423400 2 4 2 6 5 8 4 58822233234 6 6 7423111 6 6 7
 1IT  3423600 3 4 2 6 7 6 6 6 622222233 6 6 6222111 6 6 6
 1IT  3423700 3 4 3 3 2 4 3 4 522222223 5 5 5333111 5 5 5
 1IT  3423800 7 6 7 7 8 7 5 5 822228344 7 7 733322188 7 7
 1IT  3423900 7 4 3 5 5 7 7 5 522222333 6 6 7333111 6 6 6
 1IT  3424000 0 2 2 5 5 7 5 4 422222335 5 5 62221118888 6
 1IT  3424100 3 4 5 6 6 7 6 6 522222233 6 5 6222111 5 5 6
 1IT  3424200 0 0 1 4 3 5 6 7 622333022 6 6 733311188 6 6
 1IT  3424300 2 5 5 3 3 1 5 4 522222242 5 5 4333111 5 5 4
 1IT  3424400 5 5 7 1 6 7 0 5 522222222 6 5 6222111 5 5 7
 1IT  3424500 5 5 7 6 8 6 6 5 622333523 6 6 7444111 6 6 6
 1IT  3424600 5 2 3 6 6 6 4 6 622223333 6 6 6233111 6 5 6
 1IT  3424700 5 3 4 5 0 5 0 5 022222512 6 5 6021111 5 5 6
 1IT  3424800 6 6 4 3 6 3 3 6 622228232 3 5 3243111 3 4 3
 1IT  3425700 7 5 6 810 7 5 1 822232432 810 8144222 810 8
 1IT  3427700 6 2 5 5 510 2 4 522233402 6 610443211 6 510
 1IT  342780010 3 1 4 0 5 0 1 02211450010 0 5045211 6 0 5
 1IT  3427900 6 6 3 7 7 6 4 4 522222223 6 7 7222111 6 7 7
 1IT  3428000 6 5 0 5 5 5 4 5 722282221888888888811888888
 1IT  3429200 2 4 1 1 5 5 1 48822223111 6 6 6232111 4 5 5
 1IT  3429300 7 4 8 5 7 8 3 6 522233112 6 4 7134111 5 3 8
 1IT  3429400 6 1 1 2 210 2 2 222212220 1 410223111 2 210
 1IT  3429500 9 2 1 3 310 1 0 022222400 3 510121211 3 510
 1IT  3429600 8 2 7 3 6 7 3 4 622123233 4 6 7225211 5 6 7
 1IT  3432500 5 7 3 6 7 8 5 4 622233343 6 7 8344221 5 7 8
 1IT  3432700 2 5 588 6 8 3 2 3221212248888 80111118888 8
 1IT  3432800 2 2 2 2 4 5 2 0 022221000 2 2 5212111 5 5 5
 1IT  3433100 4 5 5 488 9 1 1 4221111118888 90001118888 9
 1IT  3433200 3 6 2 7 8 9 5 5 722222232 8 7 8444111 7 7 8
 1IT  3433300 7 7 6 7 9 9 7 6 722432443 8 9 9333222 8 9 9
 1IT  3433900 0 1 1 0 0 0 0 0 022111000 0 0 0000111 0 0 0
 1IT  3434000 5 5 5 3 6 7 1 2 422222333 5 6 8223122 5 5 8
 1IT  3434500 0 2 2 5 5 5 1 1 422222222 5 5 6111111 5 5 7
 1IT  3434600 1 1 1 5 5 3 5 6 522333111 6 5 6233111 6 5 6
 1IT  3434700 3 3 3 5 5 7 2 2 422222111 5 5 8322111 5 5 8
 1IT  3434800 7 5 5 3 3 6 6 4 422222222 4 4 6332111 4 4 6
 1IT  3434900 4 5 5 5 510 5 2 722321245 5 710235111 5 710
 1IT  3436100 8 8 6 6 8 8 4 5 422222433 6 5 7222222 5 4 7
 1IT  3442200 0 1 1 6 5 5 0 0 022122222 5 6 5222111 5 5 5
 1IT  3442300 0 0 0 4 0 2 5 6 622222055 6 6 2222111 6 5 4
 1IT  3442400 4 5 0 0 6 3 3 0 4222831258888 41138118888 4
 1IT  3442500 7 4 2 3 5 3 4 3 422282222 6 6 4382111 5 5 5
 1IT  3442600 5 6 7 5 6 7 5 6 622122344 7 6 6444222 7 6 6
 1IT  3442700 2 2 288 0 088 18822122080 8 0 0000111888888
 1IT  3442800 5 2 5 7 9 8 8 8 822228544 5 8 84322118888 6
 1IT  3442900 0 0 5 7 6 8 6 5 422332003 8 8 8332112 8 8 8
 1IT  3443000 6 3 388 0 2 2 2 2221113248888 32221118888 3
 1IT  3443100 5 8 8 5 5 8 5 4 422122443 7 8 8011111 5 5 6
 1IT  3443200 5 5 5 3 6 3 4 3 522223222 3 5 3212111 3 6 3
 1IT  3443300 0 0 0 0 088 1 0 022211888 2 2 7222111 0 0 7
 1IT  3443400 4 4 3 8 8 5 0 0 522113323 6 8 6004211 8 7 6
 1IT  3443800 2 2 2 0 0 8 0 0 022222222 0 0 8111111 0 0 8
 1IT  3443900 5 4 3 7 6 6 4 5 422222322 6 6 7222111 6 6 7
 1IT  3444000 5 7 2 6 510 1 2 222222222 6 5 8222111 6 510
 1IT  3444100 6 5 5 6 9 9 0 4 722222333 7 7 7222111 7 6 7
 1IT  3445200 3 3 2 4 4 6 4 4 322222322 5 5 6222111 5 4 7
 1IT  3445300 6 6 58888 6 38888222282228888 61181118888 6
 1IT  3445400 6 4 3 5 6 4 5 4 622322322 5 7 4223111 5 6 4
 1IT  3445500 5 2 3 9 910 5 7 822222322 9 910433211 5 5 8
 1IT  3445600 6 0 58888 8 5 5 522222333 5 5 52221118888 8
 1IT  3445700 2 5 288888888888822188111888888888111888888
 1IT  3445800 0 1 5 5 3 8 5 2 222222222 9 7 9222111 7 6 9
 1IT  3445900 310 8888888 0 0 0222222228888 6111111888888
 1IT  3447000 6 0 0 6 7 6 5 5 622443333 6 6 6333111 5 5 5
 1IT  3447100 7 8 3 5 8 8 4 4 222222444 5 5 5333221 5 5 7
 1IT  3447200 4 0 0 5 7 8 6 5 722333333 3 3 3333111 5 5 5
 1IT  3448100 3 6 7 3 7 8 6 6 722223333 3 7 8334121 3 8 8
 1IT  3448300 0 0 0 0 8 8 5 1 622313444 1 5 8444111 4 4 4
 1IT  3448400 5 5 3 71010 0 6 922222233 3 3 3222222 2 5 5
 1IT  3448500 5 5 5 310 5 6 5 522333322 5 9 8423111 310 5
 1IT  3449200 3 3 5 6 6 8 5 5 522333333 5 7 7333111 6 6 6
 1IT  3451700 8 5 4 6 2 6 6 7 622333533 6 4 6333188888888
 1IT  3451800 4 4 4 5 6 8 1 5 322333325 6 7 8223181 4 4 4
 1IT  3452100 1 1 5 0 0 0 3 1 122888434 0 0 5111121 0 0 8
 1IT  3452500 4 3 6 5 5 7 388882213322288 6 7222111 2 2 7
 1IT  3452600 6 8 8 6 7 7 6 4 522222335 6 7 6222111 6 7 6
 1IT  3452700 2 3 4 5 5 7 5 3 322222344 4 4 6123111 4 4 6
 1IT  3452900 4 4 2 4 2 4 3 5 522333333 3 5 6333111 4 4 6
 1IT  3453000 510 8 5 5 5 7 5 522222233 5 5 6222111 4 4 4
 1IT  3453100 7 510 210 5 5 4 422222323 5 9 8222111 4 4 4
 1IT  3453300 7 6 4 7 6 7 6 6 722333443 7 6 7444221 7 6 7
 1IT  3453700 4 6 3 4 3 6 2 3 322122333 3 3 5222111 3 3 4
 1IT  3453800 3 5 68888 7 2 288221122338888 61881118888 3
 1IT  3453900 5 7 5 4 5 7 3 0 422112443 5 8 7103222 4 4 7
 1IT  3456500 0 1 0 3 8 8 5 5 522123111 6 6 6322111 3 3 7
 1IT  3456600 8 7 7 7 7 7 5 5 622222433 7 7 7222221 7 7 7
 1IT  3456700 3 3 3 6 6 6 4 4 422222332 6 7 6333111 7 7 7
 1IT  3456800 3 3 3 8 8 8 4 4 422222111 8 8 8222111 7 8 8
 1IT  3456900 3 3 3 8 8 8 5 5 622222322 8 8 8222111 8 8 8
 1IT  3457000 8 8 7 9 9 9 7 7 722333344 9 9 9444222 8 8 8
 1IT  3457100 1 1 1 6 6 7 5 5 622222222 7 6 7222111 7 6 7
 1IT  3457200 7 5 5 6 610 6 6 622333444 6 610333221 6 610
 1IT  3457300 3 3 3 8 8 9 4 4 422222222 8 8 9222111 8 8 8
 1IT  3457400 7 7 7 7 5 9 5 5 522222444 8 5 9222222 7 5 9
 1IT  3457500 5 5 5 7 7 5 4 4 422222333 7 7 5232222 7 7 5
 1IT  3461600 5 8 8 0 7 8 5 2 622232323 7 6 6222222 6 6 6
 1IT  3461700 3 4 5 8 8 8 4 9 522232333 8 8 8232822 8 8 8
 1IT  3461800 3 0 5 3 7 8 5 0 022343432 4 6 4232221 4 5 6
 1IT  3462300 2 3 8 8 7 6 5 6 622333333 7 6 6333222 6 6 7
 1IT  3463500 4 4 3 4 5 4 4 3 322422323 4 3 4232111888888
 1IT  3466200 2 2 1 2 5 8 2 5 322888111 5 5 8222111 5 5 8
 1IT  3466300 5 3 3 4 5 5 5 6 022332311 5 5 6443211 5 5 6
 1IT  3466500 0 7 3 0 0 9 0 0 522112234 0 2 9002121 0 2 9
 1IT  3466700 0 0 0 5 5 5 5 5 522222000 5 5 5333111 5 5 5
 1IT  3466800 6 3 288 4 488888822233002 7 5 8344111 6 6 6
 1IT  3467000 6 2 588 610 5 01022813422 5 710805211 7 810
 1IT  3467100 2 5 3 5 6 6 7 5 622222333 6 6 6434222 6 6 6
 1IT  3467200 1 2 1 3 3 8 2 8 922333103 8 3 8455111 8 2 8
 1IT  3467300 5 3 3 2 2 5 5 1 022111322 7 8 8311111 8 8 7
 1IT  3467400 4 4 4 6 5 6 4 7 622333211 6 6 6233111 6 6 6
 1IT  3467600 5 3 8 5 9 7 2 7 72214300010 7 7255111 8 7 7
 1IT  3467800 0 0 0 7 5 5 6 7 722233000 7 7 6244111 7 7 6
 1IT  3467900 010 6 5 9 9 7 7 722333033 5 9 9444122 7 9 9
 1IT  3468500 6 6 0 2 3 2 0 0 022111000 2 2 2000111 2 2 2
 1IT  3468600 2 5 2 6 6 7 4 5 422333222 6 6 8333111 5 6 8
 1IT  347090088888888888888888822888888888888888888888888
 1IT  3471000 0888888 8 788 0 0221128888888 78888888888 7
 1IT  347110088888888888888888822888888 8 8 8888888888888
 1IT  3471200 5 0 0 0 0 488 0 022222000 0 0 655511188 0 7
 1IT  347130088888888888888888822888888888888888888888888
 1IT  3471400 0 3 0 5 6 8 3 5 522222000 6 7 7000111 5 5 7
 1IT  3471600 0 0 0 8 7 788 5 522222225 6 6 722221188 0 0
 1IT  3471700 0 0 0 7 7 7 7 68822222555 5 5 5455111 6 6 6
 1IT  3471800 0 0 0 6 6 7 5 5 522111555 5 5 7555111 5 5 5
 1IT  3471900 0888888888888888822888888888888888888888888
 1IT  3472000 0 0 0 4 5 0 5 5 522222000 5 5 5000111 3 3 3
 1IT  3472100 0 0 0 6 7 8 5 5 522222000 5 5 5000111 5 5 5
 1IT  3476000 31010 5 1 4 0 0 022111200 5 2 3000111 3 2 3
 1IT  3476100 3 2 3 6 110 2 8 722323111 5 110223111 2 1 9
 1IT  3476200 3 0 1 2 5 0 1 0 022111312 5 3 1343111 3 3 3
 1IT  3476400 6 8 5 9 7 7 4 6 722233443 8 8 7344121 8 8 7
 1IT  3476600 0 2 5 5 3 5 5 8 522232111 5 1 5343111 5 4 5
 1IT  3476700 5 5 0 5 7 5 6 4 322322333 6 8 7333211 5 7 8
 1IT  3476800 5 5 5 5 5 3 2 5 522122223 5 5 5233112 5 5 4
 1IT  3477300 3 4 0 2 5 3 4 2 022221340 1 4 3200121 0 4 3
 1IT  3477500 1 3 8 210 7 1 0 022111000 210 9000111 210 8
 1IT  3478100 4 3 4 8 8 4 2 2 422222311 8 7 7000111 8 8 8
 1IT  3480500 4 5 5 0 810 1 1 322113222 3 7 8113111 4 8 8
 1IT  3480600 4 5 6 7 5 8 3 7 422222125 5 4 8332112 5 6 7
 1IT  3480800 0 9 010 810 5 8 822332424 7 7 8332111 7 8 8
 1IT  3480900 2 3 0 2 6 8 3 4 722213445 4 7 7113111 6 8 7
 1IT  3481000 2 3 3 4 5 4 2 1 522223344 4 6 4223121 4 6 4
 1IT  3481200 3 0 010 610 4 2 822123111 5 6 7113111 5 6 6
 1IT  3481300 2 2 0 4 4 4 2 3 622223115 5 5 5223111 7 5 5
 1IT  3481700 9 3 2 4 5 9 3 6 622233224 5 8 9333111 5 8 9
 1IT  3481800 5 5 0 6 5 7 3 5 322222330 4 4 4312111 5 7 7
 1IT  3482100 010 0 0 6 7 4 6 722323322 2 7 5111111 0 7 5
 1IT  3482900 1 6 5 5 9 8 3 4 322222114 4 8 8422111 7 8 8
 1IT  3485300 3 388 2 7 6 2 5 822183110 4 7 6184111 5 7 6
 1IT  3485500 5 3 5 6 5 8 4 2 422123332 5 6 8114111 5 5 8
 1IT  3485600 5 6 6 6 7 7 5 3 822882444 6 6 6384222 6 6 6
 1IT  3485700 7 8 8 7 8 8 6 6 822883443 3 6 7884222 6 6 7
 1IT  3485800 3 2 2 6 6 7 7 8 922334111 7 6 7344111 6 6 8
 1IT  3485900 1 1 0 7 6 8 4 4 522223111 7 6 7223111 7 6 7
 1IT  3486000 3 4 3 6 8 8 5 5 722888232 7 7 7888221 7 7 7
 1IT  3486100 5 5 6 3 4 5 2 0 222112434 3 4 5102222 3 4 5
 1IT  3490100 8 4 9 5 8 988 58822228483 7 7 855328288 6 8
 1IT  3490200 6 7 7 8 8 8 2 5 622233433 7 8 8432821 6 8 9
 1IT  3490300 6 7 5 9 8 9 5 6 422333333 9 8 8334111 7 8 9
 1IT  3490400 7 8 7 81010 8 9 62223244510 910445122 9 910
 1IT  3491000 8 8 9 6 7 8 5 6 722332343 7 8 8333212 8 8 7
 1IT  3491100 6 7 6 9 6 9 7 6 822383343 9 9 8434121 6 9 9
 1IT  3491200 6 7 5 6 5 8 8 2 422112343 7 6 8542121 2 5 8
 1IT  3491700 8 8 7 7 7 6 6 5 722222434 5 6 7212222 7 6 7
 1IT  3491800 7 7 8 5 5 5 7 5 522121322 6 5 723221288 7 6
 1IT  3491900 7 6 8 7 7 7 6 6 622212423 7 7 7112211 7 7 7
 1IT  3492000 4 5 4 6 5 5 5 3 622222334 3 7 7111222 8 7 7
 1IT  3492100 6 5 5 7 7 8 6 4 522222232 4 5 6222212 7 6 7
 1IT  3494900 3 1 1 4 0 2 2 4 222221000 4 0 4110111 5 0 4
 1IT  3495000 0 5 3 3 5 6 3 6 422222011 5 5 4211111 6 5 4
 1IT  3495500 2 3 7 5 7 7 4 4 522223112 4 5 5122111 6 6 5
 1IT  3495600 3 0 0 0 0 3 0 0 022111000 5 0 3000111 4 0 3
 1IT  3495700 0 2 8 4 2 6 3 5 522222003 5 2 4222111 5 2 4
 1IT  3495800 5 2 3 710 3 7 5 822333000 3 7 4444111 7 8 4
 1IT  3495900 0 1 0 3 0 1 2 0 022111000 2 1 1011111 4 3 1
 1IT  3496000 9 9 5 5 8 8 7 3 322222553 5 9 9111222 6 8 8
 1IT  3496100 4 5 6 5 5 5 4 4 322222221 5 5 5111111 5 5 5
 1IT  3496200 5 2 2 0 7 7 1 2 522223000 5 5 5111111 5 5 5
 1IT  3496300 1 2 2 3 7 6 3 2 222111001 4 8 6111111 5 8 6
 1IT  349660010 9 2 6 910 6 21022223552 7 810223221 8 910
 1IT  3497300 5 7 7 8 6 8 5 5 522333223 7 8 8333222 8 8 8
 1IT  3497400 5 5 5 81010 4 4 8222233331010 9224222 810 8
 1IT  3504700 4 4 4 7 8 8 6 5 722222422 6 8 8555111 8 8 8
 1IT  3504900 3 3 4 6 5 9 5 5 622223444 6 6 9333181 6 6 9
 1IT  3505000 6 5 5 5 6 8 588 622883333 6 6 888828188 7 9
 1IT  3505100 4 4 5 5 5 8 488 522882333 510 84441218888 8
 1IT  3505200 7 6 7 9 9 9 3 1 822123434 7 9 8224222 7 9 9
 1IT  3505300 3 3 5 6 2 8 4 5 522288333 4 1 9233111 5 1 8
 1IT  3505400 1 1 1 0 5 1 1 2 522222322 1 5 0333112 0 5 0
 1IT  3505500 2 2 4 4 4 8 3 3 522228222 3 3 822811188 4 8
 1IT  3505600 3 3 5 9 910 7 6 622333333 8 810334111 8 810
 1IT  3505700 1 2 388 6 88888882288823388 8 88881118888 8
 1IT  3506200 3 3 3 4 4 6 4 5 422228323 4 4 6333111 4 4 6
 1IT  3506300 2 2 2 2 2 4 4 4 622223222 4 2 4224111 4 4 5
 1IT  3506400 1 1 2 5 4 6 4 5 522223224 4 4 6242111 4 4 6
 1IT  3506800 3 3 4 5 5 6 6 6 722883323 5 6 748311188 5 6
 1IT  3509400 4 4 6 5 5 5 7 8 722443344 4 4 4334111 1 2 2
 1IT  3509600 7 3 7 5 4 6 5 5 522344444 5 5 6444212 5 4 5
 1IT  3509800 3 5 4 6 6 7 4 5 522233333 3 3 3333112 2 2 2
 1IT  3509900 4 4 4 6 6 6 6 6 622333544 6 6 7444221 6 6 7
 1IT  3510300 7 4 4 6 3 6 4 5 622233343 4 4 3333111 1 1 1
 1IT  3510400 7 7 6 6 6 6 5 5 522334333 3 3 3443211 1 1 1
 1IT  3510500 4 5 5 3 4 4 5 5 522333333 4 4 4434221 2 2 2
 1IT  3510600 6 7 7 2 2 2 2 5 322333333 3 3 3333122 28888
 1IT  3510700 3 3 7 2 2 2 4 5 422333333 3 3 3333112 2 2 1
 1IT  3510800 4 4 4 4 4 4 2 58822434444 4 4 4333122 3 3 3
 1IT  3514400 0 0 0 0 610 2888822112000 2 810001111 0 810
 1IT  3514500 3 2 3 2 7 8 2 2 422222222 5 7 8111111 2 7 8
 1IT  3514700 0 0 0 0 0 8 0 0 022111000 0 0 8000111 0 0 8
 1IT  3514800 1 1 1 6 7 6 7 6 622333111 6 7 6435111 6 7 6
 1IT  3515000 1 0 0 7 8 8 7 4 722883111 6 8 8334111 7 8 8
 1IT  3515100 2 2 2 3 910 0 0 222112211 1 910002111 2 910
 1IT  3515200 1 1 1 8 8 4 4 4 722223111 8 8 4025111 8 8 4
 1IT  3515300 1 1 1 6 8 8 5 5 622222111 5 8 8222111 5 8 8
 1IT  3515400 1 1 1 5 6 6 5 5 522222111 5 6 6223111 5 6 6
 1IT  3515600 3 6 4 6 4 5 5 5 622223232 5 5 5223122 5 5 5
 1IT  3515700 2 2 2 4 3 8 0 4 822113111 4 3 8015111 4 3 8
 1IT  3515800 2 2 2 5 8 7 5 3 622223111 5 8 7213111 5 8 7
 1IT  3515900 2 2 2 8 7 8 7 7 722333111 8 7 8555811 8 7 8
 1IT  3516000 1 1 1 5 6 6 5 5 522222111 5 6 6222111 5 6 6
 1IT  3516300 1 1 1 5 6 6 4 4 522112111 5 6 6113111 4 6 6
 1IT  3519400 3 3 3 3 3 3 3 3 322234322 1 1 1322221 2 2 2
 1IT  3519500 4 5 5 3 3 6 3 2 222333222 3 3 2333222 1 1 6
 1IT  3519600 3 3 4 2 2 6 0 2 122444334 3 3 4344112 2 2 3
 1IT  3519700 3 4 5 5 2 6 1 1 122322222 5 5 6334121888888
 1IT  3519800 4 4 4 2 2 5 6 4 422433223 2 4 3222122 6 5 6
 1IT  3519900 4 5 6 2 2 2 4 1 122334433 3 2 2333211 2 2 5
 1IT  3520000 2 2 2 0 2 6 3 3 322311211 3 4 6441111888888
 1IT  3520100 3 3 4 4 4 3 1 2 222231212 2 2 2331111888888
 1IT  3520200 3 3 2 3 5 5 2 2 222223322 2 2 2334211888888
 1IT  3520300 2 2 2 1 1 1 2 2 222223322 4 4 5223111 4 5 6
 1IT  3520400 4 3 3 3 3 4 2 3 222223321 4 3 6222111888888
 1IT  3520700 3 3 3 2 5 5 3 3 322233222 4 3 5221111 2 2 5
 1IT  3520800 3 4 3 3 3 4 2 2 122333212 2 3 2222111 3 4 5
 1IT  3521200 3 2 2 3 2 5 2 3 322331212 3 4 4344111 4 3 4
 1IT  3521500 3 4 4 3 3 2 3 2 222433322 2 2 233211188 4 5
 1IT  3521600 3 4 3 2 5 5 5 4 422322212 3 2 6321221888888
 1IT  3523800 010 4 7101088 2 822828455 91010848111881010
 1IT  3523900 5 5 5 6 7 9 7 6 822233555 6 7 9445111 6 7 9
 1IT  3524000 8 8 8 5 210 3 0 322888588 8 710888288881010
 1IT  3524100 810 8 7 410 8101022111500 8 410555222 6 410
 1IT  3524300 5 8 6 6 410 0 3 722323555 6 410343222 6 410
 1IT  3524400 4 5 4 6 8 8 5 3 522221500 6 8 8555222 6 8 8
 1IT  3524500 4 4 4 6 5 6 4 4 422222225 6 5 6222111 6 5 6
 1IT  352460010 6 0 5 510 3 7 822333553 5 510555211 5 510
 1IT  3524900 610 7 510108888 622888555 51010888222 51010
 1IT  3525000 5 5 5 4 5 7 5 5 222122355 4 5 7534122 4 5 7
 1IT  3525100 5 4 5 5 6 7 6 7 622333543 5 6 7554222 5 6 7
 1IT  3525200 7 7 6 7 9 9 5 6 822333500 7 9 9535222 7 9 9
 1IT  3525300 51010 8 510 5 5 722222555 8 510333221 8 510
 1IT  3525400 7 7 9 6 6 8 7 7 722333555 6 6 8555222 6 6 8
 1IT  3525500 5 8 4 4 6 5 5 6 622333334 4 6 5333111 4 6 5
 1IT  3525600 6 1 1 0 0 0 1 3 322111252 0 0 0000111 0 0 0
 1IT  3525700 710 8 8 810 8 8 822333333 8 810333111 8 810
 1IT  3525800 5 6 5 6 7 9 1 6 422111043 5 7 9322111 6 7 9
 1IT  3525900 5 5 6 4 5 7 3 4 522332333 4 5 7222111 4 5 7
 1IT  3526000 5 8 5 2 6 8 8 6 522333555 2 6 8444222 2 6 3
 1IT  3526100 4 5 2 4 3 6 6 0 422322535 4 3 6333111 4 3 6
 1IT  3526200 5 5 0 8 910 7 6 622333555 8 910555222 8 910
 1IT  352630010 510 61010 7 7 722233505 51010533222 51010
 1IT  3526400 9 6 6 6 5 5 5 6 622333535 6 5 5555222 6 5 5
 1IT  3526600 7 6 6 7 8 9 3 5 322222555 7 8 9333111 7 8 9
 1IT  35267001010 6101010 3 3 322222505101010000222101010
 1IT  3526900 510 0 61010 5 6 622333555 61010555111 61010
 1IT  3527000 8 8 7 8 9 8 5 5 522222805 8 9 8000222 8 9 8
 1IT  3527400 5 5 0 8 910 0 4 422223212 8 910222111 8 910
 1IT  3528100 1 4 5 5 6 5 5 5 722333015 5 6 5555111 5 6 5
 1IT  3528500 8 8 5 2 5 3 5 0 622111535 3 5 3000222 4 5 4
 1IT  3538200 6 7 5 0 8 7 4 0 122211333 0 8 7201828 0 8 7
 1IT  3538300 7 6 4 5 8 5 4 0 622112324 6 8 6013228 5 8 6
 1IT  3538900 7 8 7 7 7 6 4 3 322222433 6 6 6322222 7 7 7
 1IT  3540500 3 5 4 6 7 6 4 5 522333323 6 7 723211110 8 7
 1IT  3550200 5 0 0 5 5 7 0 7 622222222 6 6 6222111 6 6 6
 1IT  3552800 6 6 6 6 6 6 4 3 322334433 3 3 4444222 8 7 6
 1IT  3553400 7 7 7 7 6 6 7 7 622322233 6 6 6223222 6 6 6
 1IT  3553500 2 4 4 2 2 2 4 4 422444444 2 2 2222111 5 5 8
 1IT  3553600 2 510 6 6 6 5 6 622323333 3 3 3223121 2 6 6
 1IT  3554100 6 6 6 7 3 9 6 7 722443334 3 3 3444111 1 5 5
 1IT  3554800 7 6 7 3 4 3 6 6 522443343 4 3 3332112 3 3 3
 1IT  3567600 7 7 5 7 7 7 5 3 722322323 7 7 7333222 5 5 6
 1IT  3567700 0 0 0 2 3 5 3 2 122222000 3 2 5212111 5 8 8
 1IT  3567800 3 0 0 3 3 5 3 3 222223000 5 5 5433111 5 5 5
 1IT  3567900 5 6 5 3 6 6 6 7 522422455 6 6 6233111 5 5 5
 1IT  3568000 8 8 8 5 5 8 5 5 522222444 5 5 6422222 7 6 7
 1IT  3568100 0 0 0 5 3 6 3 0 022212322 5 5 4003111 7 6 6
 1IT  3568200 5 0 5 2 210 2 3 522323222 3 2 6213111 3 3 8
 1IT  3568600 510 1 2 5 2 0 1 222213232 3 2 1112111 1 2 2
 1IT  3568700 5 2 5 0 5 9 0 0 322112000 1 1 1000111 1 1 1
 1IT  3568800 5 5 5 4 7 8 3 2 422222322 5 4 8223111 3 6 8
 1IT  3568900 8 7 6 7 7 8 5 6 622323222 7 8 7222222 7 7 7
 1IT  3569100 3 3 5 0 0 0 2 2 322112222 2 1 1222111 1 1 1
 1IT  3572400 5 8 5 8 510 5 6 822233343 9 410335122 9 510
 1IT  3572500 6 7 5 4 4 6 4 2 822323323 3 3 5324222 5 4 5
 1IT  3572800 6 6 7 6 4 9 6 7 722333333 6 4 9333222 7 4 9
 1IT  3573000 7 6 8 6 5 98888 822822551 81010883118 6 910
 1IT  3573600 51010 7 510 5 7 822333303 5 510111111 6 610
 1IT  3573700 0 0 0 5 510 1 1102238450088 510585811 51010
 1IT  3574000 4 4 0 5 510 1 1 522223041 8 810335111 5 710
 1IT  3577400 5 6 3 2 5 3 3 2 322223321 2 5 3413111 2 4 3
 1IT  3578200 5 5 5 7 5 5 7 7 722333243 6 5 5444121 8 5 5
 1IT  3578400 4 5 3 6 7 9 4 5 722333222 5 5 8333111 6 6 8
 1IT  3578500 3 5 110 8 7 4 4 822433333 7 6 7333111 7 8 8
 1IT  3578600 7 6 4 5 4 7 1 0 722322432 6 4 8333111 6 7 8
 1IT  3578700 5 8 3 5 7 5 6 5 522222322 4 5 5333111 5 6 6
 1IT  3579500 7 9 8 6 8 8 6 6 922333444 7 7 7444222 7 7 7
 1IT  3579600 8 8 5 4 9 8 3 2 722333334 8 8 8444221 7 8 8
 1IT  3579700 5 5 4 6 5 6 6 5 622223332 6 5 6223221 6 5 6
 1IT  3579800 4 3 3 3 4 4 3 3 522222223 5 6 6222111 6 6 6
 1IT  3583200 5 4 1 1 5 4 1 1 222112211 4 5 5322111 5 5 5
 1IT  3583300 6 8 5 5 8 8 0 0 522113131 5 7 8102221 0 5 8
 1IT  3583400 7 5 4 5 6 8 3 3 322323411 6 7 8333211 6 8 8
 1IT  3583500 9 5 8 5 51010 5 322233535 5 910433222 5 810
 1IT  3583600 8 7 2 8 8 8 9 9 922333432 8 8 8444821 8 8 8
 1IT  3583700 5 5 1 91010 4 7 922233331 9 910334111 6 710
 1IT  3583800 6 6 5 3 3 7 5 5 922224344 4 5 8335222 5 5 8
 1IT  3583900 0 0 2 2 1 1 2 1 522113000 0 1 2013111 3 2 2
 1IT  3584000 2 5 5 5 8 7 5 5 522333222 5 8 7333111 5 8 7
 1IT  3584100 2 4 7 0 1 8 0 2 422122111 5 0 7113111 2 1 7
 1IT  3584200 6 6 5 7 5 9 6 5 622228332 8 7 9333121 8 7 9
 1IT  3584300 5 6 8 81010 4 6 622333333 81010333121 6 9 9
 1IT  3588600 0 0 0 0 7 6 6 0 022212000 0 7 6200111 0 8 6
 1IT  3589700 7 3 3 8 9 5 1 0 222112222 8 9 6102111 8 9 6
 1IT  3589800 3 3 3 5 6 6 5 5 622333122 5 6 6333111 5 6 6
 1IT  3590300 3 1 2 4 5 6 3 7 622333222 6 6 7343111 6 6 6
 1IT  3590800 5 5 5 3 1 3 4 4 422111333 3 3 3211181 2 2 2
 1IT  3591000 3 3 1 6 6 7 6 6 622333211 6 6 7333111 6 7 7
 1IT  3592000 5 3 1 6 8 7 1 0 722223431 6 7 7213211 6 7 7
 1IT  3593100 5 3 3 8 6 788 8 922344332 9 6 8354188 8 6 8
 1IT  3593300 1 2 3 9 9 9 4 48822888234 6 7 7114181 6 7 7
 1IT  3593500 48888 2888888888822888888888888888888 88888
 1IT  3593600 3 5 7 5 7 7 0 0 422113341 2 7 7102181 3 7 7
 1IT  3593700 0 3 58888 9 0 08822118114 088 8008111 288 9
 1IT  3593900 1 3 188 388 1 1882211323188 388002111 3 488
 1IT  3594000 6 4 2 4 6 8 1 48822118238 2 688108111 3 6 8
 1IT  3594600 1 5 4 4 6 5 4 58822283233 4 6 5833288 5 6 5
 1IT  35976001010 7 5 2 7 2 2 222122552 3 2 7111222888888
 1IT  3597800 4 6 5 1 4 5 2 0 522413020 2 4 4102111 0 5 5
 1IT  3597900 7 9 6 4 5 9 5 6 922333443 6 5 9333222 6 5 9
 1IT  3598000 6 6 710 2 8 5 9 62224432210 3 725511110 3 8
 1IT  3598400 1 0 0 3 3 7 4 3 522222111 6 5 7223111 6 6 7
 1IT  3598500 7 7 2 5 5 9 2 1 522112432 5 5 9213221 5 5 9
 1IT  3598800 0 0 0 0 0 0 0 0 022111200 0 0 2300111 0 0 2
 1IT  3599000 0 6 6 7 6 8 6 6 022388022 6 7 7288111888888
 1IT  3599400 0 0 3 6 0 0 0 4 022122000 6 0 0022111 5 0 0
 1IT  3599500 5 5 2 2 5 5 2 0 322222222 3 5 5222111 3 5 5
 1IT  3599600 0 0 0 0 5 9 0 0 52221220188 5 988811188 510
 1IT  3599900 0 0 0 088 5 5 5 522883000 0 5 7033111 0 6 7
 1IT  3600000 3 3 0 0 3 4 3 0 422312231 2 2 2112221 3 1 2
 1IT  3602500 6 7 1 6 3 9 5 5 522233341 5 2 9333221 5 2 9
 1IT  3602600 2 6 3 6 5 6 0 0 222212223 3 3 5222112 4 3 5
 1IT  3602700 4 4 3 3 5 7 4 4 622222222 4 4 8222111 4 4 7
 1IT  3603000 7 5 6 7 7 8 5 5 522222233 7 7 8222111 7 7 8
 1IT  3603100 6 6 6 8 8 7 6 7 722333333 8 8 8333222 8 8 8
 1IT  3603300 5 5 5 6 9 8 5 5 722223222 6 7 7223111 6 8 7
 1IT  3607200 2 2 5 5 3 5 3 0 022111544 5 5 5511111 5 5 6
 1IT  3607300 7 7 6 6 7 8 7 6 622122545 6 5 8455222 5 5 8
 1IT  3607900 2 2 2 6 5 8 3 6 622333222 6 6 8233111 5 6 8
 1IT  3608000 5 5 510 7 7 5 5 522333512 8 8 8555121 8 8 9
 1IT  3608100 7 8 8 8 8 8 6 7 722333344 8 8 8444222 8 8 8
 1IT  3608300 0 5 588 1 5 1 1 122222333 3 3 8222111 2 2 7
 1IT  3608400 1 5 5 4 5 8 5 4 722223254 6 3 8544211 6 5 8
 1IT  3608600 1 2 2 3 6 6 3 3 522223000 3 7 7323111 3 7 6
 1IT  3608700 8 6 5 8 9 6 6 7 622333443 6 6 6333221 7 7 7
 1IT  3612000 2 1 2 1 1 1 4 4 522888888888888888888888888
 1IT  3612100 5 5 4 5 5 3 5 4 422888333 5 5 5423188 6 6 6
 1IT  361220010 2 2 010 5 0 0 022334333 3 4 4333122888888
 1IT  3612300 3 3 3 5 2 5 7 8 822321221 6 4 5445111 7 3 5
 1IT  3612400 5 5 5 5 7 8 4 4 522333333 5 5 5333121 6 6 7
 1IT  3612500 5 5 5 6 3 7 7 8 822333333 5 4 5444222 7 5 5
 1IT  3612600 6 3 3 6 4 7 7 7 922222332 7 4 8334128 7 5 8
 1IT  3612700 2 4 3 4 3 6 8 5 822333322 5 5 5333111 6 5 6
 1IT  3612800 6 4 5 4 1 6 6 6 722834222 5 3 6334111 6 3 7
 1IT  3612900 3 2 4 5 4 6 5 6 722334111 5 5 6444111 6 3 6
 1IT  3616900 3 3 4 8 410 6 61022334213 7 410335111 7 410
 1IT  3617000 5 4 7 7 7 9 4 7 722233333 8 7 8334888 8 8 8
 1IT  3617100 3 4 8 2 2 3 4 0 422113210 2 4 6103111 4 4 6
 1IT  3617200 7 5 4 5 5 8 1 3 622113432 4 6 7333211 7 7 7
 1IT  3617300 6 5 5 8 8 7 4 2 522212433 8 8 8111228 7 7 8
 1IT  3617400 4 3 8 1 3 3 2 0 022211111 4 5 3100811 5 5 6
 1IT  3617500 5 2 6 5 6 6 588 522223213 5 5 6333111 5 5 6
 1IT  3617600 1 0 0 6 6 788 6 622883000 6 6 7108111 6 6 7
 1IT  3626400 6 6 688888888888822888888888888888888888888
 1IT  3626500 2 3 088888888888822888888888888888111888888
 1IT  3626600 5 5 588888888888822888888888888888222888888
 1IT  3626700 7 6 6 6 5 588888822382333 6 6 6333222888888
 1IT  3626800 5 5 5 7 5 7 6 4 522333333 6 6 6323121888888
 1IT  3626900 4 6 6 7 4 7 6 5 722323333 7 5 7333111 8 8 8
 1IT  3627000 5 5 4 3 4 8 5 5 522333333 6 5 7333111 5 6 7
 1IT  3627800 610 6 5 7 7 5 3 622323513 6 5 6323222 6 6 7
 1IT  3636000 8 7 5 4 5 7 6 5 522228422 4 5 72222288888 7
 1IT  3636100 7 7 5 5 5 7 5 4 522222423 5 5 7222228 5 5 7
 1IT  3636200 8 810 5 5 6 3888822212444 2 2 6222222 3 3 6
 1IT  3636300 1 3 3 1 1 6 1 58822228412 1 4 61122118888 6
 1IT  3636400 5 5 6 8 6 8 6 7882222833288 5 822818188 4 8
 1IT  3636500 6 7 6 3 3 7 6 4 322222332 4 3 7222281 4 3 7
 1IT  3636600 4 5 488 4 7 4 4882222233288 4 722812188 4 7
 1IT  3636700 7 7 588 6 7 6 4882222843288 5 722828288 5 7
 1IT  3636800 6 5 7 8 810 2 58822228433 7 6 9228218 7 6 9
 1IT  3636900 3 7 4 1 1 6 1 08822222423 2 1 621121188 1 6
 1IT  3637000 3 3 4 7 7 7 3 2 322228223 7 7 7223111 7 7 7
 1IT  3637100 2 4 4 0 2 2 5 58822228222 1 1 3228111 1 1 3
 1IT  3637200 6 6 588 6 8 4 3 32222843388 7 822822288 7 8
 1IT  3637400 6 5 5 4 6 7 4 48822228444 5 5 7228222 5 5 7
 1IT  3637500 3 2 4 0 6 5 1 1 122111222 0 7 4111111 0 8 4
 1IT  3637600 1 4 2 588 8 6 28822338222 588 8332111 5 5 8
 1IT  3640800 0 0 0 5 6 7 5 4 422828000 5 5 7448111 5 5 5
 1IT  3640900 0 0 0888888888888228888888888 5888111888888
 1IT  3641000 0 0 0 7 7 9 6 6 622222000 7 6 7333111 7 7 6
 1IT  3641100 0 0 0 3 5 688 38822222000888888222111888888
 1IT  3641200 0 0 08888 788888822888808888888888111888888
 1IT  3663100 3 3 3 5 5 8 2 2 322111111 7 8 9111111 7 810
 1IT  3669700 2 1 3 5 4 888 6 822333133 5 4 8344111 5 4 8
 1IT  3817900 2 2 3 5 3 3 5 3 322222015 5 5 5111111 6 5 7
 1IT  3818200 3 8 2 7 9 9 2 2 222112120 4 9 9002111 3 9 9
 1IT  4064100 5 3 4 1 3 1 7 4 322332223 2 2 1332111 5 3 2
 1IT  4064300 4 4 5 6 4 5 4 4 522223231 5 4 8223111 5 4 7
 1IT  4079000 3 4 5 4 3 3 5 6 422334333 3 3 4334111 1 1 1
 1IT  4079200 2 2 2 6 4 6 2 2 522444445 4 4 5554211 1 3 2
 1IT  4089700 3 3 3 7 4 7 3 6 822333444 8 8 8444111 8 8 8
 1IT  4090500 5 6 3 6 6 6 5 5 622223333 7 7 8324188 8 8 8
 1IT  4090600 5 5 4 6 4 7 7888822883444 8 8 8422211 7 8 8
 1IT  4092000 5 4 4 5 710 8 6 522828344 8 810333288 8 910
 1IT  4092100 6 6 6 9 6 8 7 7 722333333 8 8 9444222 8 8 8
 1IT  4098200 5 7 4 81010 4 5 222222424 5 9 9222222 4 8 8
 1IT  4098400 4 4 4 6 4 7 4 5 522323223 6 3 7333111 7 3 7
 1IT  4098500 6 1 5 5 8 8 5 5 522222334 4 7 6222111 4 7 7
 1IT  4098600 8 6 5 3 3 8 3 2 322222433 3 4 6212222 3 3 7
 1IT  4098700 5 5 3 6 9 9 5 5 522383242 5 7 7333111 7 8 8
 1IT  4098800 5 3 5 6 9 9 3 5 622222224 6 7 8333111 7 8 8
 1IT  4098900 6 6 5 5 7 8 4 3 322323322 4 8 8224211 5 8 8
 1IT  4099000 3 5 2 4 8 8 4 3 322222334 4 8 8222811 4 8 8
 1IT  4099100 5 4 4 8 9 6 2 3 622223322 5 8 6223111 5 9 7
 1IT  4105400 5 5 6 4 7 8 5 3 422222332 5 7 8223221 3 8 8
 1IT  4107000 8 0 2 3 8 9 7 88822338424 5 8 9343212 5 8 9
 1IT  4107100 7 5 5 6 7 7 5 58822228423 6 7 7228211 6 7 7
 1IT  4108100 5 6 6 4 1 5 5 6 822333323 3 1 5344282 6 1 5
 1IT  4108700 2 2 2 5 810 5 5 722333112 5 510211111 5 510
 1IT  4109700 7 5 688 6 7 6 58822388443 8 5 733822888 5 7
 1IT  4111000 3 0 2 1 2 0 1 1 422113111 2 1 1112111 4 3 2
 1IT  4111100 5 5 2 5 4 5 4 5 522222223 5 5 5333111 5 5 6
 1IT  4116500 5 5 3 6 9 8 2 2 722113454 5 9 7235111 6 9 7
 1IT  4116600 5 4 5 5 6 6 4 4 622223113 5 6 6113111 6 6 6
 1IT  4128000 7 6 4 4 6 0 4 0 522213442 3 7 0303221 5 6 0
 1IT  4136400 5 7 6 4 6 5 5 7 422333333 7 7 8333221 7 8 8
